Time XAccel YAccel ZAccel
0.007 2.680 2.760 3.800
0.654 2.520 2.600 3.640
0.928 2.440 2.680 3.640
1.201 2.520 2.600 3.640
1.475 2.520 2.600 3.640
1.748 2.520 2.600 3.640
2.022 2.520 2.600 3.640
2.296 2.520 2.600 3.640
2.569 2.520 2.600 3.640
2.843 2.520 2.600 3.640
3.116 2.520 2.600 3.640
3.390 2.520 2.600 3.640
3.664 2.520 2.680 3.560
3.937 2.040 2.920 3.320
4.211 1.720 3.080 3.080
4.563 1.720 3.160 2.920
4.837 1.560 2.760 2.760
5.111 1.480 2.600 2.680
5.384 0.680 2.680 2.840
5.659 1.480 2.600 2.760
5.932 1.480 2.600 2.680
6.207 1.480 2.440 2.680
6.480 1.480 2.600 2.680
6.753 1.400 2.520 2.600
7.028 1.400 2.520 2.600
7.301 1.480 2.440 2.680
7.576 1.400 2.440 2.680
7.849 1.480 2.440 2.680
8.124 1.400 2.520 2.680
8.474 1.480 2.440 2.680
8.748 1.480 2.520 2.680
9.022 1.400 2.440 2.680
9.296 1.480 2.520 2.680
9.569 1.400 2.440 2.600
9.843 1.400 2.600 2.840
10.117 1.320 2.520 2.520
10.391 1.480 2.520 2.680
10.665 1.480 2.360 2.680
10.939 1.400 2.520 2.600
11.222 1.400 2.520 2.600
11.496 1.480 2.520 2.680
11.770 1.480 2.520 2.600
12.043 1.480 2.440 2.680
12.398 1.480 2.520 2.680
12.671 1.400 2.520 2.600
12.946 1.400 2.360 2.520
13.219 1.480 2.520 2.600
13.493 1.480 2.520 2.600
13.767 1.480 2.440 2.520
14.041 1.480 2.600 2.600
14.315 1.400 2.520 2.840
14.589 1.480 2.600 2.600
14.864 1.480 2.520 2.520
15.137 1.400 2.600 2.520
15.411 1.400 2.520 2.440
15.685 1.480 2.600 2.600
15.959 1.400 2.520 2.440
16.313 1.480 2.600 2.600
16.587 1.400 2.600 2.520
16.871 1.400 2.520 2.520
17.145 1.480 2.520 2.520
17.418 1.480 2.440 2.440
17.693 1.480 2.600 2.680
17.966 1.480 2.600 2.600
18.241 1.480 2.600 2.600
18.514 1.400 2.520 2.520
18.788 1.480 2.600 2.520
19.062 1.400 2.520 2.520
19.335 1.480 2.600 2.600
19.610 1.480 2.600 2.600
19.883 1.480 2.600 2.600
20.232 1.480 2.600 2.600
20.506 1.480 2.600 2.520
20.780 1.480 2.600 2.600
21.054 1.480 2.680 2.600
21.328 1.480 2.600 2.680
21.601 1.480 2.600 2.600
21.876 1.480 2.600 2.520
22.149 1.480 2.600 2.680
22.423 1.480 2.760 2.680
22.697 1.400 2.600 2.520
22.971 1.480 2.680 2.680
23.245 1.480 2.840 2.680
23.518 1.480 2.680 2.600
23.793 1.480 2.440 2.760
24.158 1.480 2.600 2.760
24.432 1.400 2.520 2.520
24.706 1.480 2.840 2.680
24.980 1.480 2.680 2.680
25.254 1.480 2.520 2.600
25.528 1.480 2.680 2.680
25.802 1.480 2.760 2.680
26.075 1.480 2.760 2.680
26.350 1.480 2.760 2.760
26.623 1.560 2.920 2.680
26.897 1.480 2.680 2.760
27.171 1.560 2.680 2.840
27.444 1.480 2.760 2.680
27.801 1.400 2.760 2.760
28.074 1.480 2.760 2.760
28.348 1.480 2.760 2.600
28.622 1.480 2.600 2.680
28.895 1.480 2.680 2.680
29.170 1.480 2.680 2.680
29.443 1.480 2.680 2.680
29.718 1.480 2.680 2.680
29.991 1.480 2.600 2.680
30.266 1.480 2.520 2.600
30.539 1.480 2.520 2.760
30.813 1.480 2.600 2.760
31.087 1.480 2.600 2.760
31.361 1.480 2.680 2.760
31.716 1.480 2.440 2.680
31.989 1.480 2.600 2.680
32.263 1.480 2.520 2.760
32.537 1.480 2.600 2.760
32.811 1.480 2.760 2.680
33.085 1.480 2.600 2.760
33.369 1.480 2.680 2.680
33.643 1.480 2.680 2.680
33.917 1.480 2.680 2.680
34.191 1.480 2.680 2.760
34.473 1.480 2.600 2.680
34.748 1.480 2.600 2.680
35.021 1.480 2.600 2.680
35.294 1.480 2.600 2.680
35.652 1.480 2.680 2.680
35.925 1.480 2.600 2.680
36.199 1.480 2.680 2.680
36.473 1.480 2.600 2.680
36.746 1.480 2.600 2.680
37.021 1.480 2.680 2.680
37.294 1.480 2.600 2.680
37.568 1.480 2.600 2.680
37.842 1.480 2.600 2.680
38.116 1.480 2.600 2.680
38.390 1.480 2.600 2.680
38.663 1.480 2.600 2.680
38.937 1.480 2.600 2.680
39.211 1.480 2.600 2.680
39.567 1.480 2.600 2.680
39.840 1.480 2.680 2.680
40.113 1.480 2.600 2.680
40.388 1.480 2.600 2.680
40.661 1.480 2.600 2.680
40.936 1.480 2.600 2.680
41.209 1.480 2.600 2.680
41.482 1.480 2.600 2.680
41.757 1.480 2.680 2.680
42.030 1.480 2.600 2.680
42.305 1.480 2.600 2.680
42.578 1.480 2.600 2.680
42.853 1.480 2.680 2.680
43.126 1.400 2.680 2.680
43.407 1.560 2.680 2.680
43.680 1.480 2.600 2.680
43.954 1.480 2.600 2.680
44.228 1.480 2.680 2.680
44.502 1.480 2.600 2.680
44.776 1.480 2.680 2.680
45.049 1.480 2.600 2.680
45.323 1.480 2.600 2.680
45.597 1.480 2.600 2.680
45.871 1.480 2.600 2.680
46.145 1.480 2.600 2.680
46.427 1.480 2.600 2.680
46.702 1.480 2.680 2.680
46.975 1.480 2.600 2.680
47.256 1.480 2.600 2.680
47.529 1.480 2.600 2.680
47.804 1.480 2.600 2.680
48.077 1.480 2.680 2.680
48.351 1.480 2.600 2.680
48.625 1.480 2.680 2.680
48.898 1.480 2.600 2.680
49.173 1.480 2.600 2.680
49.456 1.480 2.680 2.680
49.731 1.480 2.600 2.680
50.004 1.480 2.680 2.680
50.278 1.480 2.600 2.680
50.552 1.480 2.680 2.680
50.833 1.480 2.680 2.680
51.106 1.480 2.680 2.680
51.379 1.480 2.680 2.680
51.654 1.480 2.600 2.600
51.927 1.480 2.600 2.680
52.201 1.480 2.680 2.680
52.475 1.480 2.600 2.760
52.748 1.480 2.520 2.760
53.023 1.400 2.600 2.760
53.296 1.480 2.600 2.760
53.570 1.480 2.600 2.760
53.844 1.480 2.520 2.760
54.118 1.480 2.600 2.760
54.391 1.480 2.440 2.680
54.672 1.480 2.520 2.680
54.946 1.640 2.440 2.680
55.219 1.480 2.520 2.680
55.493 1.560 2.600 2.760
55.767 1.560 2.840 2.760
56.041 1.400 2.600 2.680
56.315 1.320 1.960 2.280
56.588 1.480 2.360 2.680
56.862 1.480 2.600 2.600
57.136 1.480 2.680 2.680
57.410 1.480 2.600 2.680
57.684 1.480 2.600 2.680
57.958 1.480 2.600 2.680
58.231 1.480 2.600 2.680
58.512 1.480 2.600 2.600
58.786 1.480 2.600 2.680
59.059 1.480 2.600 2.680
59.333 1.480 2.600 2.680
59.607 1.480 2.600 2.680
59.881 1.480 2.600 2.680
60.155 1.480 2.600 2.680
60.428 1.480 2.600 2.680
60.702 1.480 2.600 2.680
60.976 1.480 2.600 2.680
61.250 1.480 2.600 2.680
61.523 1.480 2.600 2.680
61.798 1.480 2.600 2.680
62.071 1.480 2.600 2.680
62.352 1.480 2.600 2.680
62.626 1.480 2.600 2.680
62.899 1.480 2.600 2.680
63.173 1.480 2.600 2.680
63.447 1.480 2.600 2.680
63.721 1.480 2.600 2.680
63.994 1.480 2.600 2.680
64.268 1.480 2.600 2.680
64.542 1.480 2.600 2.680
64.816 1.480 2.600 2.680
65.090 1.480 2.600 2.680
65.363 1.480 2.600 2.680
65.648 1.480 2.600 2.680
65.921 1.480 2.600 2.680
66.202 1.480 2.600 2.680
66.475 1.480 2.600 2.680
66.750 1.480 2.600 2.680
67.023 1.480 2.600 2.680
67.297 1.480 2.600 2.680
67.571 1.480 2.600 2.680
67.844 1.480 2.600 2.680
68.119 1.480 2.600 2.680
68.392 1.480 2.600 2.680
68.666 1.480 2.600 2.680
68.940 1.480 2.600 2.680
69.223 1.480 2.600 2.680
69.496 1.480 2.600 2.680
69.770 1.480 2.600 2.680
70.051 1.480 2.600 2.680
70.324 1.480 2.600 2.680
70.598 1.480 2.600 2.680
70.872 1.480 2.600 2.680
71.146 1.480 2.600 2.680
71.419 1.480 2.600 2.680
71.694 1.480 2.600 2.680
71.967 1.480 2.600 2.680
72.241 1.480 2.600 2.680
72.515 1.480 2.600 2.680
72.788 1.480 2.600 2.680
73.063 1.480 2.600 2.680
73.336 1.480 2.600 2.680
73.609 1.480 2.600 2.680
73.884 1.480 2.600 2.680
74.157 1.480 2.600 2.680
74.432 1.480 2.600 2.680
74.705 1.480 2.600 2.680
74.979 1.480 2.600 2.680
75.253 1.480 2.600 2.680
75.526 1.480 2.600 2.680
75.800 1.480 2.600 2.680
76.074 1.480 2.600 2.680
76.348 1.480 2.600 2.680
76.622 1.480 2.600 2.680
76.895 1.480 2.600 2.680
77.169 1.480 2.600 2.680
77.449 1.480 2.600 2.680
77.724 1.480 2.600 2.680
77.997 1.480 2.600 2.680
78.271 1.480 2.600 2.680
78.545 1.480 2.600 2.680
78.819 1.480 2.600 2.680
79.093 1.480 2.600 2.680
79.366 1.480 2.600 2.680
79.640 1.480 2.600 2.680
79.914 1.480 2.600 2.680
80.188 1.480 2.600 2.680
80.461 1.480 2.600 2.680
80.735 1.480 2.600 2.680
81.018 1.480 2.600 2.680
81.299 1.480 2.600 2.680
81.582 1.480 2.600 2.680
81.856 1.480 2.600 2.680
82.130 1.480 2.600 2.680
82.404 1.480 2.600 2.680
82.677 1.480 2.600 2.680
82.951 1.480 2.600 2.680
83.225 1.480 2.600 2.680
83.498 1.480 2.600 2.680
83.773 1.480 2.600 2.680
84.046 1.480 2.600 2.680
84.319 1.480 2.600 2.680
84.594 1.480 2.600 2.680
84.867 1.480 2.600 2.680
85.148 1.480 2.600 2.680
85.421 1.480 2.600 2.680
85.695 1.480 2.600 2.680
85.969 1.480 2.600 2.680
86.243 1.480 2.600 2.680
86.516 1.480 2.600 2.680
86.790 1.480 2.600 2.680
87.064 1.480 2.600 2.680
87.337 1.480 2.600 2.680
87.612 1.480 2.600 2.680
87.885 1.480 2.520 2.760
88.159 1.560 2.760 2.760
88.433 1.400 2.760 2.840
88.706 1.480 2.520 2.680
88.987 1.480 2.840 2.680
89.260 1.480 2.520 2.680
89.535 1.480 2.600 2.760
89.808 1.480 2.600 2.680
90.081 1.160 2.920 2.760
90.356 1.480 3.320 3.320
90.629 2.280 2.760 3.000
90.904 2.040 2.520 3.480
91.177 1.880 2.600 3.400
91.451 1.800 2.280 3.320
91.725 2.040 2.280 3.080
91.998 1.160 2.920 2.680
92.272 1.880 3.400 2.280
92.546 2.040 3.400 2.280
92.827 1.880 3.480 2.520
93.100 2.040 3.320 2.360
93.374 1.960 3.320 2.440
93.648 1.880 3.160 2.280
93.921 1.960 3.080 1.880
94.195 1.960 3.240 1.960
94.469 1.880 3.080 1.880
94.743 1.960 3.160 1.960
95.016 1.960 3.160 2.200
95.290 1.960 3.320 2.360
95.564 1.960 3.400 2.680
95.837 1.960 3.240 2.840
96.111 2.120 3.240 2.920
96.385 1.960 3.400 3.000
96.666 1.800 3.240 2.680
96.939 1.960 3.560 2.920
97.213 1.400 3.080 2.600
97.486 2.120 3.000 3.000
97.771 2.120 2.680 3.320
98.044 2.040 3.000 3.480
98.318 1.960 2.760 3.320
98.592 1.960 2.840 3.480
98.865 1.960 2.520 3.480
99.139 2.040 2.760 3.560
99.413 1.960 2.600 3.480
99.687 1.960 2.600 3.560
99.960 1.960 2.680 3.400
100.241 1.880 2.680 3.400
100.515 1.880 2.760 3.400
100.788 1.880 2.680 3.400
101.062 1.800 2.840 3.320
101.336 1.720 2.680 3.240
101.610 1.720 2.680 3.320
101.884 1.720 2.840 3.320
102.158 1.800 2.920 3.240
102.431 1.800 3.000 3.240
102.705 1.880 2.600 3.400
102.979 1.720 2.840 3.160
103.253 1.960 2.760 3.800
103.527 1.960 2.680 3.480
103.801 2.040 2.440 3.480
104.091 1.800 3.000 3.400
104.364 1.960 3.080 3.320
104.638 2.040 3.640 3.000
104.912 1.720 3.480 2.680
105.185 2.200 3.240 3.320
105.459 2.120 3.560 2.760
105.733 1.880 3.320 2.600
106.007 2.040 3.240 2.520
106.281 2.040 2.920 2.600
106.555 2.040 3.560 2.680
106.829 2.040 3.480 2.440
107.102 2.040 3.400 2.440
107.377 1.960 3.560 2.520
107.657 2.040 3.480 2.840
107.931 1.960 3.640 2.840
108.205 2.120 3.480 2.440
108.479 2.200 3.560 2.280
108.752 2.120 3.480 2.520
109.027 2.120 3.560 2.760
109.300 2.040 3.480 2.760
109.574 2.120 3.560 2.680
109.848 1.880 3.560 2.600
110.122 2.040 3.320 2.600
110.396 1.880 3.400 2.600
110.670 1.880 3.320 3.000
110.943 1.960 3.240 2.840
111.217 2.040 3.320 2.680
111.497 2.120 3.560 2.600
111.772 1.880 3.400 2.520
112.045 2.120 3.480 2.760
112.320 2.040 3.400 3.080
112.593 1.960 3.400 2.920
112.868 2.200 3.640 2.760
113.141 2.280 3.480 2.840
113.415 2.120 3.160 2.920
113.699 2.360 3.400 3.320
113.973 2.280 3.160 3.160
114.247 2.120 3.400 2.920
114.520 2.200 3.400 3.240
114.795 2.280 3.400 3.240
115.075 2.200 3.480 3.000
115.349 2.200 3.400 3.160
115.631 2.200 3.400 3.160
115.906 2.200 3.240 3.320
116.179 2.120 3.480 3.160
116.453 2.200 3.320 3.160
116.727 2.120 3.320 3.000
117.000 2.040 3.240 3.240
117.275 1.880 3.320 3.320
117.548 2.040 2.840 3.320
117.822 1.880 2.520 3.400
118.096 1.880 2.440 3.480
118.369 1.960 2.440 3.400
118.644 1.800 2.520 3.400
118.923 1.800 2.600 3.320
119.198 1.800 2.680 3.320
119.471 1.480 2.280 2.760
119.745 1.480 2.760 3.000
120.019 1.640 2.680 3.000
120.293 1.480 2.840 2.920
120.567 1.800 2.840 3.080
120.840 1.640 2.840 3.080
121.114 1.480 3.240 3.000
121.388 1.720 2.760 2.920
121.662 1.560 2.840 2.920
121.936 1.400 2.760 3.000
122.209 1.720 2.760 2.600
122.487 1.800 3.080 3.160
122.761 1.800 2.920 3.160
123.035 1.480 2.920 3.160
123.308 1.560 2.920 3.000
123.583 1.640 2.840 2.840
123.856 1.720 2.760 2.760
124.129 1.640 2.680 2.840
124.404 1.800 2.680 2.600
124.677 1.160 3.640 3.000
124.952 1.960 3.400 2.520
125.225 1.880 3.480 2.600
125.499 1.880 3.240 2.600
125.773 1.880 3.400 2.600
126.046 1.800 3.240 2.760
126.327 1.800 3.320 2.680
126.601 1.960 3.320 2.840
126.875 1.960 3.400 2.760
127.149 1.960 3.480 2.840
127.423 1.880 3.480 2.760
127.697 1.880 3.400 2.840
127.972 1.880 3.320 2.680
128.245 1.880 3.240 2.600
128.519 1.880 3.320 2.760
128.794 1.880 3.400 2.680
129.067 1.480 3.400 2.440
129.342 1.880 3.480 2.920
129.615 1.960 3.400 2.600
129.907 1.960 3.560 2.680
130.180 2.040 3.400 2.760
130.455 1.880 3.880 2.680
130.728 2.040 3.480 2.520
131.003 1.960 3.720 2.440
131.276 2.040 3.480 2.600
131.550 2.120 3.400 2.520
131.824 1.960 3.480 2.680
132.098 2.200 3.400 2.600
132.373 2.120 3.480 2.600
132.646 1.960 3.480 2.600
132.921 1.960 3.400 2.680
133.194 1.880 3.560 2.760
133.468 1.960 3.560 2.760
133.749 1.960 3.720 2.840
134.023 2.120 3.480 2.680
134.297 2.120 3.320 2.920
134.571 2.040 3.480 2.920
134.845 2.120 3.560 2.840
135.119 2.200 3.480 3.080
135.393 2.200 3.320 3.080
135.667 2.120 3.480 3.080
135.941 2.200 3.400 3.320
136.215 2.200 3.240 3.400
136.489 2.200 3.320 3.400
136.763 2.200 3.000 3.480
137.037 2.120 3.000 3.480
137.318 2.280 2.920 3.480
137.591 2.120 2.920 3.560
137.865 2.040 2.840 3.480
138.140 1.880 2.760 3.400
138.413 1.800 2.760 3.560
138.696 1.960 2.600 3.480
138.970 1.960 2.600 3.400
139.245 1.880 2.600 3.400
139.518 2.200 2.360 3.640
139.793 2.120 2.520 3.560
140.066 2.040 2.520 3.640
140.340 2.120 2.600 3.720
140.614 2.200 2.600 3.640
140.888 2.200 2.680 3.640
141.169 1.960 2.440 3.320
141.442 2.120 2.440 3.640
141.717 1.800 2.360 3.400
141.990 1.960 2.440 3.720
142.265 2.040 2.680 3.560
142.538 2.280 2.840 3.560
142.812 2.040 2.760 3.560
143.087 2.040 2.520 3.480
143.360 2.040 2.920 3.480
143.635 2.040 2.680 3.560
143.908 2.120 2.760 3.560
144.182 1.960 2.680 3.560
144.457 1.880 2.760 3.400
144.737 1.960 2.840 3.480
145.011 2.120 2.680 3.560
145.285 2.040 2.760 3.480
145.559 2.040 2.680 3.560
145.843 2.040 2.680 3.560
146.118 1.880 2.760 3.400
146.391 1.960 2.600 3.480
146.666 1.960 2.600 3.480
146.939 1.880 2.520 3.480
147.214 1.960 2.440 3.480
147.487 1.880 2.520 3.480
147.761 1.880 2.600 3.480
148.035 1.880 2.680 3.480
148.309 1.880 2.760 3.400
148.590 1.960 2.760 3.480
148.863 2.040 2.840 3.560
149.138 1.960 2.680 3.480
149.411 1.960 2.680 3.400
149.685 2.280 2.680 3.640
149.960 2.200 2.680 3.560
150.243 2.120 2.440 3.640
150.516 2.040 2.440 3.480
150.790 1.960 2.280 3.560
151.064 1.880 2.360 3.400
151.338 1.800 2.360 3.400
151.613 1.880 2.360 3.240
151.886 1.880 2.200 3.320
152.167 1.960 2.280 3.480
152.441 2.040 2.200 3.480
152.714 1.960 2.280 3.400
152.989 1.960 2.200 3.480
153.262 2.040 2.200 3.480
153.537 2.040 2.280 3.480
153.810 1.960 2.360 3.560
154.085 1.880 2.200 3.400
154.358 1.880 2.280 3.400
154.632 1.880 2.280 3.400
154.906 1.880 2.280 3.320
155.180 2.040 2.120 3.320
155.454 2.040 2.200 3.320
155.734 1.960 2.120 3.400
156.009 1.960 2.200 3.400
156.282 2.040 2.040 3.320
156.556 2.040 1.960 3.400
156.830 2.040 2.040 3.400
157.104 2.040 1.960 3.400
157.378 2.120 1.960 3.400
157.652 2.120 2.200 3.480
157.926 2.040 2.120 3.480
158.200 1.800 2.120 3.400
158.473 1.880 2.120 3.400
158.748 1.880 2.280 3.400
159.021 1.880 2.280 3.400
159.296 1.880 2.280 3.320
159.576 1.800 2.280 3.400
159.850 1.800 2.280 3.400
160.124 1.800 2.120 3.400
160.399 1.880 2.120 3.480
160.672 1.880 2.200 3.400
160.946 2.040 2.200 3.240
161.220 1.960 2.200 3.480
161.494 2.040 2.280 3.480
161.768 1.960 2.280 3.480
162.052 2.040 2.120 3.480
162.326 2.040 2.040 3.400
162.600 2.120 1.960 3.400
162.875 1.960 2.120 3.400
163.155 1.960 2.280 3.560
163.429 1.960 2.280 3.480
163.703 2.120 2.120 3.480
163.976 1.960 2.280 3.640
164.251 2.040 2.120 3.480
164.524 2.040 2.200 3.480
164.799 1.640 2.840 3.640
165.072 1.800 2.920 2.840
165.347 1.640 3.000 2.840
165.620 1.640 3.000 2.840
165.894 1.720 3.080 3.000
166.168 1.720 3.000 3.000
166.442 1.720 3.080 3.000
166.716 1.720 3.000 3.000
166.996 1.880 2.680 3.240
167.271 1.960 2.040 3.560
167.544 2.040 2.440 3.480
167.818 2.040 2.360 3.480
168.092 1.960 2.280 3.400
168.366 2.040 2.600 3.640
168.640 1.960 2.200 3.480
168.914 1.960 2.360 3.480
169.188 1.960 2.360 3.400
169.462 1.960 2.280 3.480
169.735 1.960 2.280 3.400
170.010 2.120 1.960 3.320
170.283 1.960 1.800 3.080
170.564 2.040 1.720 3.160
170.838 1.960 1.800 3.240
171.112 1.960 1.960 3.240
171.386 1.960 1.960 3.400
171.659 1.960 1.800 3.000
171.934 2.040 1.800 3.160
172.207 1.960 1.880 3.160
172.482 1.880 2.040 3.320
172.755 1.880 2.200 3.240
173.030 2.040 1.560 2.920
173.312 2.120 1.560 2.760
173.586 2.040 1.560 2.840
173.860 1.960 1.640 3.000
174.133 2.040 1.720 3.160
174.414 1.880 1.880 3.000
174.688 2.040 1.800 3.320
174.962 1.880 1.960 3.080
175.236 1.960 1.880 3.320
175.510 2.040 2.040 3.400
175.784 1.960 2.040 3.320
176.058 1.880 1.800 3.080
176.332 1.960 1.640 3.080
176.605 2.040 1.640 3.160
176.880 2.040 1.560 2.920
177.153 2.120 1.560 2.920
177.428 2.120 1.640 2.920
177.701 2.040 1.640 2.920
177.992 2.120 1.560 2.920
178.266 1.960 1.720 3.000
178.540 1.880 2.040 3.240
178.814 1.880 1.960 3.160
179.088 1.880 2.040 3.160
179.362 2.040 1.720 3.320
179.635 1.720 2.200 3.240
179.910 1.960 2.040 3.240
180.183 1.880 2.360 3.240
180.458 1.800 2.360 3.320
180.731 1.880 2.200 3.400
181.006 1.880 2.360 3.400
181.279 1.800 2.280 3.240
181.553 1.640 2.120 3.400
181.834 1.800 2.120 3.240
182.107 1.880 2.040 3.240
182.382 1.880 2.040 3.160
182.655 1.800 2.200 3.160
182.930 1.720 1.960 2.920
183.203 1.640 1.800 2.920
183.476 1.800 1.880 3.000
183.751 1.720 1.960 2.920
184.024 1.720 1.880 2.920
184.299 1.800 1.880 3.000
184.572 1.800 1.800 2.920
184.856 1.800 1.960 2.920
185.129 1.720 1.800 2.840
185.410 1.640 1.960 2.920
185.683 1.640 1.880 2.840
185.958 1.720 1.880 2.920
186.231 1.800 2.040 2.920
186.505 1.720 1.800 2.920
186.779 1.720 1.880 3.000
187.053 1.720 2.040 3.000
187.327 1.720 1.880 2.920
187.601 1.720 1.880 2.920
187.875 1.720 1.880 2.840
188.149 1.720 1.960 2.840
188.422 1.800 1.960 2.680
188.696 1.720 1.960 2.760
188.970 1.560 1.880 2.680
189.251 1.720 2.040 2.760
189.524 1.800 1.960 2.840
189.799 1.720 2.040 3.000
190.072 1.720 1.800 2.760
190.346 1.880 1.720 2.680
190.620 1.800 1.960 2.840
190.894 1.720 2.040 2.840
191.168 1.720 1.960 2.840
191.442 1.640 2.040 2.680
191.716 1.560 1.960 2.600
191.990 1.320 2.040 2.440
192.263 1.560 2.040 2.200
192.537 1.560 2.280 2.360
192.817 1.640 2.200 2.280
193.092 1.640 1.960 2.200
193.365 1.560 1.960 2.360
193.640 1.640 2.200 2.360
193.923 1.720 1.960 2.120
194.198 1.720 2.040 2.040
194.471 1.800 2.040 2.440
194.746 1.720 2.040 2.280
195.019 1.720 1.960 2.440
195.293 1.640 1.880 2.440
195.567 1.720 1.880 2.440
195.841 1.720 1.880 2.440
196.115 1.720 1.880 2.440
196.389 1.640 1.960 2.440
196.670 1.720 1.960 2.520
196.943 1.720 1.960 2.440
197.216 1.720 1.880 2.440
197.491 1.720 1.880 2.440
197.764 1.720 1.880 2.440
198.039 1.720 1.880 2.440
198.312 1.640 1.960 2.440
198.586 1.640 1.880 2.520
198.860 1.640 1.960 2.520
199.133 1.640 1.880 2.520
199.408 1.720 1.960 2.440
199.681 1.640 1.960 2.600
199.956 1.640 1.960 2.600
200.236 1.640 1.960 2.600
200.510 1.640 1.960 2.600
200.783 1.640 1.960 2.600
201.057 1.640 1.960 2.520
201.331 1.640 1.960 2.520
201.605 1.640 1.960 2.600
201.879 1.640 1.960 2.520
202.153 1.640 1.880 2.440
202.427 1.720 1.880 2.520
202.701 1.720 2.040 2.520
202.974 1.640 1.960 2.440
203.248 1.720 1.960 2.440
203.522 1.720 1.960 2.440
203.796 1.640 2.040 2.440
204.076 1.640 1.960 2.360
204.351 1.720 2.040 2.360
204.624 1.720 1.960 2.360
204.899 1.640 1.960 2.360
205.172 1.640 1.880 2.360
205.446 1.640 1.960 2.440
205.720 1.720 1.960 2.360
205.993 1.720 1.960 2.440
206.268 1.640 1.960 2.520
206.541 1.640 1.960 2.360
206.815 1.880 2.040 1.560
207.089 1.720 2.280 1.960
207.363 1.720 2.440 1.800
207.644 1.800 2.520 1.800
207.926 1.800 2.520 1.800
208.200 1.880 2.600 1.800
208.474 1.720 2.600 1.720
208.748 1.720 2.520 1.720
209.022 1.800 2.520 1.720
209.296 2.520 2.440 2.120
209.570 1.720 2.440 1.880
209.843 2.120 2.440 1.960
210.128 2.040 1.880 1.640
210.401 1.960 1.960 1.720
210.676 1.960 1.800 2.440
210.949 2.120 1.720 2.840
211.224 1.720 1.640 1.640
211.504 2.040 1.960 2.120
211.778 1.720 1.560 2.360
212.051 2.040 1.960 2.520
212.326 1.640 1.960 2.360
212.599 2.120 1.400 2.440
212.873 2.040 1.800 2.120
213.147 1.800 1.800 2.200
213.420 1.800 1.880 2.280
213.695 1.720 1.880 2.600
213.968 1.720 2.040 2.760
214.243 1.720 2.120 2.680
214.516 1.800 2.200 2.680
214.790 1.880 1.880 2.600
215.071 1.800 1.720 2.120
215.344 1.880 1.560 2.200
215.618 1.960 1.720 2.280
215.892 1.880 1.800 2.440
216.166 1.800 1.800 2.600
216.440 1.800 1.800 2.600
216.713 1.720 1.880 2.760
216.988 1.720 1.960 2.840
217.261 1.720 2.040 2.920
217.536 1.640 1.960 2.920
217.809 1.720 2.040 2.920
218.083 1.640 2.040 2.920
218.357 1.720 2.040 2.840
218.630 1.640 2.040 2.840
218.911 1.720 2.040 2.920
219.185 1.640 2.040 2.920
219.468 1.640 2.040 2.920
219.741 1.640 2.040 2.920
220.016 1.640 2.040 2.920
220.289 1.640 2.040 2.840
220.564 1.640 2.040 2.840
220.837 1.640 2.040 2.840
221.112 1.640 2.040 2.840
221.385 1.640 1.960 2.920
221.658 1.640 2.040 3.000
221.933 1.720 2.040 3.000
222.206 1.720 2.040 3.000
222.487 1.560 2.040 2.840
222.761 1.560 2.040 2.600
223.035 1.560 2.040 2.680
223.309 1.560 2.040 2.680
223.582 1.640 2.120 2.680
223.857 1.800 1.880 2.760
224.130 1.880 1.720 2.840
224.405 1.880 1.720 2.760
224.678 1.800 1.800 2.760
224.952 1.880 1.880 2.920
225.226 1.720 1.880 2.920
225.499 1.640 2.040 2.840
225.774 1.640 2.040 2.840
226.065 1.640 2.040 2.840
226.338 1.640 2.040 2.920
226.612 1.560 2.040 2.760
226.886 1.640 2.040 2.920
227.159 1.560 1.960 2.920
227.434 1.640 2.120 2.840
227.707 1.640 2.040 2.840
227.982 1.640 2.040 2.760
228.255 1.640 2.040 2.760
228.528 1.640 2.040 2.760
228.803 1.640 2.040 2.760
229.076 1.640 2.040 2.760
229.351 1.560 2.040 2.760
229.624 1.640 2.120 2.760
229.905 1.640 2.120 2.760
230.178 1.640 2.040 2.760
230.452 1.640 2.120 2.680
230.726 1.480 1.880 2.680
231.000 1.640 2.120 2.680
231.274 1.640 2.040 2.760
231.547 1.800 2.040 2.680
231.822 1.800 1.720 2.840
232.095 1.480 1.880 2.440
232.369 1.640 1.880 2.440
232.643 1.640 1.640 2.360
232.916 1.800 1.720 2.600
233.191 1.800 1.720 2.680
233.471 1.720 1.880 2.600
233.745 1.720 1.800 2.600
234.019 1.880 1.880 2.680
234.292 1.800 1.880 2.760
234.566 1.720 1.640 2.520
234.840 1.800 1.880 2.440
235.114 1.640 1.960 2.440
235.388 1.640 1.880 2.600
235.662 1.800 1.880 2.520
235.935 1.640 2.040 2.680
236.209 1.800 1.720 2.520
236.483 1.960 1.960 2.520
236.757 1.800 1.880 2.760
237.031 1.800 1.880 2.520
237.311 1.800 1.880 2.600
237.585 1.720 2.120 2.680
237.859 1.800 2.040 2.840
238.132 2.040 1.800 2.600
238.406 1.880 1.800 2.360
238.680 1.800 1.640 2.680
238.954 1.800 2.040 2.680
239.228 1.560 1.640 2.680
239.502 1.560 2.040 2.360
239.775 1.560 2.200 2.840
240.049 1.720 2.280 2.520
240.323 1.560 2.680 2.840
240.597 1.560 2.680 2.760
241.452 1.480 2.680 2.840
241.728 1.560 2.760 2.760
242.003 1.560 2.680 2.760
242.280 1.560 2.680 2.760
242.555 1.560 2.760 2.760
242.842 1.560 2.760 2.760
243.117 1.560 2.760 2.760
243.393 1.560 2.680 2.760
243.669 1.560 2.680 2.760
243.945 1.560 2.680 2.760
244.220 1.560 2.680 2.760
244.497 1.560 2.680 2.760
244.772 1.560 2.680 2.760
245.048 1.560 2.680 2.760
245.328 1.560 2.680 2.760
245.604 1.560 2.760 2.760
245.880 1.560 2.680 2.760
246.155 1.560 2.760 2.760
246.432 1.560 2.760 2.760
246.708 1.560 2.760 2.760
246.984 1.480 2.680 2.760
247.260 1.560 2.680 2.760
247.536 1.560 2.680 2.760
247.812 1.560 2.680 2.760
248.088 1.560 2.680 2.760
248.364 1.560 2.680 2.760
248.640 1.480 2.680 2.760
248.920 1.560 2.680 2.760
249.197 1.560 2.680 2.760
249.472 1.560 2.680 2.760
249.749 1.480 2.680 2.760
250.024 1.560 2.680 2.760
250.301 1.560 2.680 2.760
250.576 1.560 2.680 2.760
250.853 1.560 2.680 2.760
251.128 1.560 2.680 2.760
251.404 1.560 2.680 2.760
251.680 1.560 2.680 2.760
251.956 1.560 2.680 2.760
252.232 1.560 2.680 2.760
252.508 1.560 2.760 2.760
252.789 1.560 2.680 2.760
253.064 1.480 2.680 2.760
253.341 1.560 2.680 2.760
253.616 1.560 2.680 2.760
253.893 1.480 2.680 2.760
254.169 1.560 2.760 2.760
254.445 1.560 2.680 2.760
254.730 1.560 2.680 2.760
255.006 1.560 2.680 2.760
255.282 1.560 2.680 2.760
255.558 1.560 2.680 2.760
255.834 1.560 2.680 2.760
256.110 1.560 2.680 2.760
256.390 1.560 2.680 2.760
256.666 1.560 2.680 2.760
256.942 1.560 2.680 2.760
257.218 1.560 2.680 2.760
257.494 1.560 2.680 2.760
257.770 1.560 2.760 2.760
258.046 1.560 2.760 2.760
258.322 1.560 2.760 2.760
258.598 1.560 2.680 2.760
258.885 1.560 2.680 2.760
259.160 1.560 2.680 2.760
259.437 1.560 2.680 2.680
259.712 1.560 2.680 2.760
259.989 1.560 2.600 2.840
260.268 1.480 2.600 2.920
260.545 1.560 2.760 2.840
260.820 1.560 2.680 2.760
261.097 1.480 2.680 2.760
261.372 1.560 2.760 2.760
261.649 1.480 2.680 2.760
261.924 1.480 2.840 2.760
262.201 1.560 2.760 2.760
262.476 1.560 2.680 2.760
262.752 1.480 2.680 2.760
263.028 1.480 2.680 2.760
263.304 1.480 2.680 2.760
263.580 1.480 2.680 2.760
263.872 1.560 2.680 2.760
264.147 1.560 2.680 2.760
264.424 1.560 2.680 2.760
264.699 1.560 2.680 2.760
264.975 1.560 2.680 2.760
265.251 1.560 2.680 2.760
265.526 1.560 2.680 2.760
265.803 1.480 2.680 2.760
266.078 1.560 2.680 2.760
266.355 1.560 2.680 2.760
266.630 1.560 2.680 2.760
266.907 1.560 2.680 2.760
267.182 1.560 2.680 2.760
267.459 1.560 2.680 2.760
267.741 1.560 2.680 2.760
268.017 1.560 2.440 2.600
268.292 1.560 2.680 2.760
268.569 1.560 2.600 2.760
268.844 1.480 2.520 2.680
269.121 1.480 2.520 2.680
269.396 1.480 2.680 2.760
269.673 1.480 2.600 2.760
269.948 1.480 2.600 2.680
270.225 1.480 2.600 2.760
270.500 1.560 2.280 2.440
270.777 1.480 2.680 2.760
271.052 1.480 2.600 2.760
271.335 1.560 2.600 2.840
271.610 1.560 2.600 2.760
271.887 1.560 2.600 2.760
272.162 1.560 2.680 2.840
272.438 1.560 2.600 2.760
272.714 1.560 2.680 2.760
272.989 1.480 2.760 2.680
273.266 1.480 2.680 2.680
273.541 1.480 2.680 2.760
273.818 1.560 2.680 2.760
274.093 1.560 2.760 2.760
274.369 1.560 2.680 2.760
274.654 1.560 2.760 2.760
274.930 1.560 2.680 2.760
275.223 1.480 2.680 2.760
275.498 1.560 2.680 2.840
275.775 1.560 2.680 2.760
276.050 1.560 2.520 2.840
276.327 1.640 2.760 2.760
276.602 1.560 2.680 2.760
276.878 1.560 1.880 2.920
277.154 1.320 3.000 2.680
277.429 1.560 2.920 2.840
277.705 1.560 2.760 2.760
277.981 1.480 2.680 2.680
278.257 1.400 2.440 2.760
278.533 1.480 2.680 2.920
278.816 1.560 2.680 2.920
279.091 1.560 2.680 2.760
279.367 1.000 2.600 2.600
279.643 1.560 2.600 2.920
279.919 1.560 2.680 2.760
280.195 1.400 2.600 2.680
280.471 1.480 2.600 2.600
280.746 1.560 2.840 2.760
281.023 1.480 2.520 2.760
281.298 1.560 2.680 2.840
281.575 1.560 2.680 2.840
281.850 1.560 2.600 2.760
282.126 1.560 2.680 2.680
282.402 1.560 2.600 2.760
282.685 1.560 2.840 2.760
282.960 1.480 2.520 2.680
283.236 1.480 2.680 2.760
283.512 1.560 2.520 2.840
283.787 1.480 2.520 2.760
284.064 1.560 2.440 2.840
284.339 1.480 2.600 2.760
284.616 1.560 2.680 2.840
284.891 1.480 2.840 2.520
285.167 1.480 2.760 2.760
285.443 1.560 2.440 2.680
285.719 1.480 2.600 2.760
285.995 1.400 2.440 2.840
286.278 1.560 2.840 2.840
286.553 1.480 2.760 2.680
286.829 1.480 2.760 2.680
287.105 1.480 2.600 2.840
287.381 1.560 2.520 2.840
287.656 1.480 2.440 2.760
287.933 1.400 2.680 2.680
288.208 1.480 2.520 2.760
288.485 1.480 2.600 2.760
288.760 1.560 2.440 2.760
289.035 1.480 2.840 2.760
289.312 1.560 2.360 2.760
289.597 1.560 2.520 2.760
289.872 1.560 2.440 2.760
290.155 1.480 2.520 2.680
290.431 1.480 2.520 2.760
290.707 1.480 2.520 2.760
290.982 1.480 2.520 2.760
291.269 1.480 2.440 2.680
291.544 1.560 2.440 2.680
291.820 1.480 2.760 2.840
292.096 1.480 2.520 2.840
292.372 1.480 2.440 2.760
292.648 1.480 2.360 2.920
292.924 1.480 2.520 2.920
293.199 1.480 2.520 2.680
293.476 1.480 2.440 2.840
293.758 1.480 2.280 2.680
294.034 1.480 2.440 2.840
294.309 1.480 2.600 2.840
294.586 1.480 2.600 2.760
294.861 1.560 2.440 2.760
295.136 1.560 2.600 2.840
295.413 1.560 2.440 2.840
295.688 1.480 2.600 2.760
295.964 1.560 2.600 2.840
296.240 1.480 2.600 2.760
296.516 1.480 2.600 2.760
296.791 1.560 2.680 2.760
297.068 1.480 2.600 2.760
297.350 1.560 2.680 2.840
297.626 1.560 2.600 2.840
297.901 1.480 2.600 2.760
298.178 1.560 2.600 2.840
298.453 1.560 2.680 2.760
298.729 1.560 2.600 2.760
299.005 1.480 2.600 2.760
299.281 1.560 2.600 2.840
299.557 1.560 2.600 2.840
299.833 1.560 2.680 2.760
300.108 1.560 2.600 2.840
300.384 1.560 2.600 2.840
300.660 1.560 2.680 2.840
300.936 1.560 2.600 2.760
301.219 1.560 2.600 2.840
301.494 1.560 2.600 2.840
301.770 1.480 2.600 2.840
302.046 1.560 2.600 2.840
302.322 1.480 2.600 2.760
302.598 1.560 2.600 2.840
302.874 1.560 2.600 2.760
303.149 1.560 2.600 2.840
303.426 1.560 2.600 2.760
303.701 1.480 2.600 2.760
303.977 1.560 2.600 2.840
304.253 1.560 2.600 2.840
304.529 1.560 2.600 2.840
304.811 1.480 2.600 2.760
305.087 1.480 2.600 2.760
305.363 1.480 2.600 2.760
305.639 1.480 2.600 2.760
305.915 1.480 2.600 2.760
306.191 1.480 2.600 2.760
306.466 1.480 2.600 2.760
306.742 1.480 2.600 2.760
307.018 1.480 2.520 2.760
307.293 1.480 2.680 2.920
307.580 1.480 2.600 2.760
307.856 1.240 2.520 2.840
308.132 1.560 2.440 2.760
308.408 1.560 2.600 2.840
308.690 1.720 2.920 2.920
308.966 1.640 2.920 2.920
309.242 1.720 3.080 3.080
309.527 1.720 3.000 3.080
309.802 1.560 2.760 2.760
310.079 1.560 2.840 2.840
310.354 1.560 3.000 2.920
310.630 1.720 2.920 3.000
310.906 1.480 2.680 2.840
311.182 1.560 2.680 2.920
311.457 1.560 2.600 2.840
311.733 1.560 2.760 2.840
312.009 1.480 2.760 2.680
312.292 1.560 2.680 2.760
312.567 1.560 2.760 2.760
312.843 1.560 2.680 2.840
313.119 1.560 2.600 2.840
313.394 1.480 2.600 2.680
313.671 1.480 2.440 2.840
313.946 1.480 2.440 2.760
314.223 1.480 2.520 2.760
314.498 1.560 2.600 2.760
314.774 1.480 2.520 2.760
315.050 1.560 2.440 2.760
315.326 1.560 2.520 2.760
315.601 1.160 2.680 2.760
315.878 1.880 2.920 2.680
316.160 1.480 3.000 2.600
316.436 1.720 3.240 3.000
316.711 1.800 2.920 3.160
316.988 1.720 2.760 3.160
317.263 1.720 2.760 3.160
317.539 1.560 2.920 2.840
317.815 1.560 2.920 2.760
318.090 1.560 2.840 2.600
318.366 1.560 2.840 2.600
318.642 1.560 2.840 2.600
318.918 1.560 2.920 2.680
319.193 1.560 2.920 2.600
319.470 1.560 2.840 2.600
319.752 1.560 2.840 2.520
320.028 1.560 2.840 2.520
320.304 1.560 2.680 2.600
320.580 1.560 2.680 3.000
320.855 1.640 2.680 3.160
321.132 1.640 2.600 3.160
321.407 1.640 2.680 3.160
321.684 1.560 2.520 3.000
321.959 1.560 2.680 2.840
322.235 1.560 2.520 2.920
322.511 1.720 2.360 3.400
322.787 2.120 2.600 3.640
323.063 2.200 2.200 3.560
323.338 1.960 2.360 3.480
323.631 1.880 2.200 3.320
323.907 1.800 2.040 3.320
324.183 1.800 2.120 3.240
324.468 1.720 2.120 3.160
324.743 1.640 2.200 3.080
325.019 1.560 2.360 3.000
325.295 1.640 2.440 3.000
325.571 1.560 2.360 2.920
325.846 1.560 2.520 2.920
326.123 1.560 2.440 2.840
326.398 1.480 2.680 2.840
326.674 1.480 2.680 2.760
326.949 1.960 2.200 3.480
327.232 2.040 2.360 3.480
327.508 1.960 2.760 3.640
327.784 1.800 2.920 3.400
328.059 1.720 2.760 3.320
328.336 1.720 2.520 2.840
328.611 1.880 3.400 3.080
328.886 1.720 3.400 3.320
329.163 2.120 3.480 2.920
329.438 2.120 3.080 2.680
329.714 1.960 3.480 2.760
329.990 2.040 3.320 2.680
330.266 2.040 3.560 2.600
330.541 1.640 3.160 2.520
330.818 1.800 3.320 2.120
331.100 1.720 3.160 2.360
331.376 1.960 3.160 2.600
331.651 1.480 3.080 2.520
331.927 1.720 3.240 2.520
332.203 2.040 3.240 2.680
332.479 1.960 3.720 2.280
332.754 1.880 3.240 2.440
333.031 1.720 3.320 2.360
333.306 1.880 3.560 2.600
333.582 1.720 3.240 2.600
333.858 1.960 3.720 2.280
334.133 1.880 3.240 2.440
334.409 1.960 3.560 2.280
334.692 1.800 3.160 2.440
334.967 1.880 3.320 2.440
335.243 1.720 3.000 2.680
335.519 1.720 3.160 2.600
335.794 1.800 3.240 2.360
336.071 1.880 3.160 2.360
336.346 1.720 3.240 2.440
336.622 1.640 3.080 2.600
336.898 1.640 2.920 2.680
337.174 1.480 2.760 2.760
337.449 1.640 2.760 2.600
337.726 1.560 2.680 2.600
338.001 1.720 2.680 2.360
338.277 1.480 2.520 2.440
338.559 1.480 2.760 2.520
338.836 1.480 2.840 2.440
339.111 1.560 2.680 2.520
339.387 1.480 2.680 2.600
339.673 1.640 2.680 2.440
339.949 0.920 2.200 2.440
340.224 1.560 2.760 2.600
340.501 1.720 2.840 2.600
340.776 1.320 3.080 2.360
341.052 1.640 2.840 2.680
341.328 1.560 2.920 2.440
341.604 1.640 2.920 2.520
341.879 1.560 3.000 2.520
342.162 1.640 3.000 2.600
342.438 1.720 2.920 2.600
342.714 1.560 3.080 2.280
342.989 1.720 3.080 2.200
343.265 1.800 2.920 2.040
343.541 1.640 3.080 2.200
343.816 1.640 3.000 2.600
344.093 2.120 3.400 2.680
344.378 2.040 3.480 2.840
344.653 1.320 3.640 2.680
344.928 2.120 2.760 2.600
345.205 2.040 2.200 2.360
345.480 1.480 3.080 2.280
345.756 1.640 2.760 2.120
346.038 1.640 3.080 2.200
346.315 1.720 2.920 2.280
346.590 1.640 2.920 2.200
346.866 1.720 2.920 2.200
347.142 1.560 2.840 2.200
347.418 1.880 2.760 2.360
347.693 1.480 3.160 2.520
347.969 1.720 3.160 2.280
348.245 1.720 3.320 2.280
348.521 1.800 3.320 2.360
348.796 1.800 3.320 2.360
349.073 1.880 3.240 2.360
349.348 1.880 3.320 2.440
349.631 1.880 3.320 2.440
349.906 1.880 3.400 2.440
350.183 1.800 3.320 2.360
350.458 1.960 3.320 2.440
350.734 1.880 3.400 2.360
351.009 1.800 3.480 2.040
351.285 1.800 3.080 2.040
351.561 1.880 2.680 2.040
351.836 1.640 2.840 2.120
352.113 1.720 2.680 2.200
352.388 1.560 2.680 2.040
352.664 1.640 2.680 2.200
352.940 1.720 2.600 2.120
353.216 1.640 2.840 1.880
353.498 1.800 2.760 1.960
353.774 1.720 2.840 2.040
354.050 1.640 2.840 2.040
354.326 1.800 2.760 2.680
354.601 1.880 2.840 2.680
354.878 1.480 2.920 2.520
355.153 1.800 3.240 3.000
355.429 1.880 3.240 3.000
355.704 1.960 3.160 2.840
355.991 1.640 3.320 3.080
356.266 1.880 3.240 2.840
356.542 1.480 3.400 2.520
356.818 2.040 3.080 2.760
357.101 1.560 3.320 2.520
357.376 1.880 3.560 3.000
357.652 1.240 3.000 2.360
357.927 1.560 2.520 2.760
358.204 1.320 2.760 2.280
358.479 1.160 2.600 2.920
358.755 1.640 2.360 2.760
359.030 1.560 2.600 2.840
359.316 1.480 2.600 2.760
359.591 1.480 2.600 2.760
359.867 1.560 2.600 2.840
360.142 1.480 2.600 2.760
360.419 1.480 2.600 2.760
360.694 1.480 2.600 2.760
360.974 1.480 2.600 2.760
361.249 1.480 2.600 2.760
361.524 1.480 2.600 2.760
361.800 1.480 2.600 2.760
362.076 1.560 2.600 2.840
362.352 1.560 2.600 2.760
362.627 1.560 2.680 2.840
362.903 1.560 2.600 2.840
363.179 1.560 2.600 2.840
363.455 1.560 2.600 2.840
363.730 1.560 2.600 2.840
364.006 1.560 2.600 2.840
364.282 1.560 2.600 2.840
364.564 1.560 2.600 2.840
364.840 1.560 2.600 2.840
365.116 1.560 2.600 2.840
365.392 1.560 2.600 2.840
365.668 1.560 2.600 2.840
365.944 1.560 2.600 2.840
366.219 1.560 2.600 2.840
366.496 1.560 2.600 2.840
366.771 1.560 2.600 2.760
367.048 1.560 2.600 2.840
367.323 1.560 2.600 2.840
367.599 1.560 2.600 2.760
367.875 1.560 2.600 2.760
368.158 1.560 2.600 2.840
368.433 1.560 2.600 2.840
368.710 1.560 2.600 2.840
368.985 1.560 2.600 2.840
369.262 1.560 2.600 2.760
369.537 1.560 2.600 2.840
369.814 1.560 2.600 2.760
370.089 1.560 2.600 2.840
370.366 1.560 2.600 2.840
370.641 1.560 2.600 2.840
370.917 1.560 2.600 2.840
371.193 1.560 2.600 2.840
371.468 1.560 2.600 2.840
371.745 1.560 2.600 2.840
372.038 1.560 2.600 2.840
372.313 1.560 2.600 2.840
372.590 1.560 2.600 2.840
372.865 1.560 2.600 2.840
373.142 1.560 2.600 2.760
373.417 1.560 2.600 2.840
373.694 1.560 2.600 2.840
373.969 1.560 2.600 2.760
374.246 1.560 2.600 2.840
374.521 1.560 2.600 2.840
374.798 1.560 2.600 2.840
375.073 1.560 2.600 2.760
375.348 1.560 2.600 2.840
375.631 1.560 2.600 2.840
375.908 1.560 2.600 2.840
376.183 1.560 2.600 2.840
376.459 1.560 2.600 2.760
376.735 1.560 2.600 2.840
377.011 1.560 2.600 2.840
377.287 1.560 2.600 2.840
377.563 1.560 2.600 2.840
377.839 1.560 2.600 2.840
378.114 1.560 2.600 2.760
378.391 1.560 2.600 2.840
378.666 1.560 2.600 2.840
378.943 1.560 2.600 2.840
379.227 1.560 2.600 2.840
379.510 1.560 2.600 2.840
379.785 1.560 2.600 2.840
380.062 1.560 2.600 2.840
380.337 1.560 2.600 2.760
380.614 1.560 2.600 2.840
380.889 1.560 2.600 2.840
381.165 1.560 2.600 2.840
381.441 1.560 2.600 2.840
381.717 1.560 2.600 2.840
381.993 1.560 2.600 2.840
382.269 1.560 2.600 2.760
382.545 1.560 2.600 2.840
382.821 1.560 2.600 2.840
383.103 1.560 2.600 2.840
383.379 1.560 2.600 2.840
383.655 1.560 2.600 2.840
383.931 1.560 2.600 2.840
384.207 1.560 2.600 2.840
384.483 1.560 2.600 2.840
384.759 1.560 2.600 2.840
385.034 1.560 2.600 2.840
385.311 1.560 2.600 2.840
385.586 1.560 2.600 2.840
385.863 1.560 2.600 2.840
386.138 1.560 2.600 2.840
386.415 1.560 2.600 2.840
386.690 1.560 2.600 2.840
386.973 1.560 2.600 2.840
387.248 1.560 2.600 2.840
387.525 1.560 2.600 2.840
387.800 1.560 2.600 2.840
388.077 1.560 2.600 2.840
388.362 1.560 2.600 2.840
388.639 1.560 2.600 2.840
388.914 1.560 2.600 2.840
389.191 1.560 2.600 2.840
389.466 1.560 2.600 2.760
389.743 1.560 1.880 2.440
390.018 1.000 3.400 2.200
390.295 2.280 3.320 2.360
390.577 1.720 3.400 2.280
390.853 2.120 3.400 2.440
391.128 2.120 3.640 2.440
391.405 2.200 3.560 2.520
391.680 2.200 3.400 2.520
391.957 2.280 3.560 2.760
392.232 2.280 3.320 3.160
392.509 2.360 3.080 3.560
392.784 2.440 3.160 3.560
393.060 2.280 3.000 3.400
393.336 2.200 3.080 3.400
393.611 2.040 3.160 3.400
393.888 1.800 3.000 3.080
394.173 1.640 2.920 2.920
394.455 1.640 3.160 2.920
394.731 1.640 3.000 3.000
395.006 1.720 3.080 2.920
395.283 1.720 3.160 2.920
395.558 1.720 3.160 3.000
395.835 1.800 3.080 3.000
396.110 1.720 3.160 3.000
396.387 1.640 3.080 2.920
396.662 1.720 2.440 2.680
396.937 1.240 2.840 2.680
397.214 1.400 2.600 2.760
397.489 1.480 2.680 2.760
397.766 1.560 2.680 2.840
398.048 1.480 2.600 2.760
398.324 1.560 2.600 2.840
398.599 1.560 2.600 2.760
398.876 1.560 2.600 2.760
399.151 1.560 2.680 2.760
399.428 1.480 2.600 2.760
399.703 1.560 2.600 2.840
399.980 1.560 2.600 2.840
400.255 1.560 2.600 2.840
400.532 1.560 2.600 2.840
400.807 1.560 2.600 2.840
401.083 1.560 2.680 2.840
401.359 1.560 2.600 2.840
401.635 1.560 2.680 2.840
401.917 1.560 2.600 2.840
402.194 1.560 2.600 2.840
402.469 1.560 2.600 2.840
402.746 1.560 2.680 2.840
403.021 1.560 2.600 2.840
403.297 1.560 2.680 2.840
403.573 1.560 2.600 2.840
403.848 1.560 2.600 2.840
404.125 1.560 2.600 2.840
404.411 1.560 2.600 2.840
404.687 1.560 2.600 2.840
404.963 1.560 2.600 2.840
405.239 1.560 2.600 2.840
405.522 1.560 2.600 2.840
405.797 1.560 2.600 2.840
406.073 1.480 2.760 2.520
406.349 1.640 2.040 1.880
406.624 1.480 2.680 2.280
406.901 1.640 2.920 1.800
407.176 2.040 3.160 2.200
407.452 2.440 3.800 2.040
407.728 2.200 3.400 2.200
408.004 2.040 3.400 2.360
408.280 1.720 3.320 2.360
408.556 2.200 3.400 2.120
408.831 2.040 3.320 2.440
409.108 2.120 3.000 2.360
409.390 1.800 3.640 2.280
409.666 2.040 3.560 2.040
409.941 2.120 3.320 2.360
410.218 1.960 3.880 2.520
410.493 2.360 3.160 1.800
410.770 2.360 3.800 1.960
411.045 2.440 3.080 2.120
411.321 1.960 3.240 2.280
411.597 2.280 3.640 2.200
411.872 2.200 3.160 2.200
412.149 2.040 3.080 2.360
412.424 1.800 3.160 1.880
412.700 2.040 3.080 2.680
412.982 1.800 3.080 2.360
413.259 1.800 3.240 2.040
413.534 1.720 3.400 2.440
413.810 1.720 3.160 2.680
414.096 1.720 3.080 2.360
414.371 1.720 2.840 2.360
414.646 1.640 2.920 2.680
414.923 1.560 3.000 2.520
415.198 1.560 2.760 2.360
415.474 1.480 2.760 2.280
415.750 1.480 2.920 2.520
416.026 1.560 3.080 2.680
416.302 1.640 2.840 2.600
416.578 1.560 2.760 2.360
416.860 1.560 2.760 2.440
417.136 1.560 2.600 2.520
417.412 1.560 2.520 2.520
417.688 1.480 2.520 2.520
417.963 1.640 2.440 2.280
418.240 1.640 2.600 2.200
418.515 1.560 2.600 2.200
418.792 1.640 2.680 2.280
419.067 1.640 2.760 2.120
419.343 1.560 2.760 2.200
419.619 1.640 2.760 2.200
419.894 1.640 2.760 2.280
420.171 1.560 2.760 2.360
420.464 1.640 2.760 2.440
420.739 1.640 2.760 2.360
421.016 1.560 2.760 2.440
421.291 1.560 2.840 2.440
421.567 1.720 2.760 2.440
421.843 1.640 3.080 2.520
422.119 1.800 3.160 2.440
422.394 1.720 3.320 2.520
422.671 1.720 3.240 2.440
422.946 1.800 3.240 2.600
423.221 2.120 3.480 2.840
423.498 1.800 3.320 2.920
423.773 1.640 3.000 3.160
424.050 1.800 2.600 3.240
424.332 1.960 3.000 3.480
424.608 1.640 2.440 3.160
424.883 1.880 2.680 3.080
425.160 2.120 2.760 3.320
425.435 1.720 2.760 3.240
425.712 1.640 2.600 3.160
425.987 1.640 2.600 3.160
426.263 1.640 2.600 3.160
426.539 1.080 2.520 3.080
426.815 1.480 3.000 3.000
427.091 1.640 2.760 3.240
427.367 1.640 2.680 3.160
427.642 1.720 2.600 3.160
427.925 1.640 2.600 3.240
428.201 1.800 2.760 3.320
428.477 1.720 2.760 3.240
428.752 1.720 2.760 3.240
429.038 1.960 2.760 3.160
429.313 2.440 2.680 3.400
429.589 1.720 2.680 3.240
429.865 1.720 2.680 3.240
430.141 1.800 2.680 3.240
430.417 1.720 2.680 3.240
430.693 1.720 2.680 3.240
430.968 1.720 2.680 3.240
431.244 1.720 2.680 3.240
431.520 1.720 2.680 3.400
431.803 1.720 2.680 3.240
432.078 1.720 2.680 3.240
432.355 1.720 2.680 3.240
432.630 1.720 2.600 3.160
432.906 1.720 2.680 3.240
433.182 1.720 2.680 3.240
433.458 1.800 2.680 3.320
433.734 1.720 2.680 3.160
434.009 1.720 2.680 3.240
434.286 1.720 2.680 3.240
434.561 1.720 2.680 3.320
434.838 1.720 2.680 3.320
435.113 1.720 2.680 3.240
435.396 1.720 2.680 3.240
435.671 1.720 2.680 3.240
435.948 1.720 2.680 3.240
436.223 1.720 2.680 3.240
436.499 1.720 2.680 3.240
436.785 1.720 2.680 3.240
437.061 1.720 2.680 3.240
437.337 1.720 2.680 3.240
437.613 1.720 2.680 3.240
437.888 1.720 2.680 3.240
438.164 1.720 2.680 3.240
438.440 1.720 2.680 3.240
438.716 1.720 2.680 3.320
438.998 1.800 2.520 3.160
439.274 1.720 2.680 3.320
439.550 1.720 2.680 3.240
439.826 1.720 2.680 3.240
440.101 1.720 2.680 3.240
440.378 1.720 2.680 3.240
440.653 1.720 2.680 3.240
440.928 1.720 2.680 3.240
441.205 1.720 2.680 3.240
441.480 1.720 2.680 3.240
441.756 1.720 2.680 3.240
442.032 1.720 2.680 3.240
442.308 1.720 2.680 3.240
442.583 1.720 2.680 3.240
442.866 1.720 2.680 3.240
443.141 1.720 2.680 3.240
443.418 1.720 2.680 3.240
443.693 1.720 2.680 3.240
443.969 1.720 2.680 3.240
444.245 1.720 2.680 3.240
444.521 1.720 2.680 3.240
444.796 1.720 2.680 3.240
445.073 1.720 2.680 3.240
445.348 1.720 2.680 3.240
445.624 1.720 2.680 3.240
445.900 1.720 2.680 3.240
446.175 1.720 2.680 3.240
446.458 1.720 2.680 3.240
446.734 1.720 2.680 3.240
447.010 1.720 2.680 3.240
447.285 1.720 2.680 3.240
447.561 1.720 2.680 3.240
447.837 1.720 2.680 3.240
448.113 1.720 2.680 3.240
448.388 1.720 2.680 3.240
448.665 1.720 2.680 3.240
448.949 1.720 2.680 3.240
449.225 1.720 2.680 3.240
449.500 1.720 2.680 3.240
449.777 1.720 2.680 3.240
450.052 1.720 2.680 3.240
450.335 1.640 2.680 3.240
450.610 1.720 2.680 3.240
450.886 1.720 2.680 3.240
451.162 1.720 2.680 3.240
451.438 1.720 2.680 3.320
451.713 1.720 2.680 3.240
451.990 1.720 2.680 3.240
452.265 1.720 2.680 3.240
452.541 1.720 2.680 3.240
452.827 1.720 2.680 3.240
453.103 1.720 2.680 3.240
453.378 1.720 2.680 3.240
453.655 1.720 2.680 3.240
453.936 1.720 2.680 3.240
454.213 1.720 2.680 3.240
454.488 1.720 2.680 3.240
454.764 1.720 2.680 3.240
455.039 1.720 2.680 3.240
455.316 1.720 2.680 3.240
455.591 1.720 2.680 3.240
455.867 1.720 2.680 3.240
456.143 1.720 2.680 3.240
456.419 1.720 2.680 3.240
456.694 1.720 2.680 3.240
456.969 1.720 2.680 3.240
457.246 1.720 2.680 3.320
457.521 0.680 0.760 3.560
457.804 1.000 2.920 3.720
458.079 4.520 2.760 3.000
458.355 0.920 3.000 3.640
458.631 0.040 3.800 3.480
458.907 2.040 3.000 2.680
459.182 1.320 2.360 2.600
459.459 1.320 3.080 3.000
459.734 1.880 2.760 2.600
460.010 1.480 2.920 2.680
460.286 1.640 2.600 1.960
460.562 2.120 3.160 3.000
460.837 1.160 2.040 1.960
461.114 2.280 2.760 3.400
461.396 1.400 2.600 3.000
461.672 2.680 2.120 2.920
461.947 3.480 2.120 3.240
462.223 3.400 2.520 3.720
462.499 3.240 2.920 3.320
462.774 3.000 3.320 3.400
463.050 2.680 3.640 3.480
463.326 2.440 3.720 2.920
463.602 2.840 3.880 3.160
463.887 2.280 3.720 3.000
464.162 2.120 3.400 2.680
464.438 2.120 3.560 2.680
464.714 2.520 3.720 3.080
464.989 2.200 3.720 3.080
465.283 1.880 3.800 3.480
465.559 2.040 2.600 3.080
465.834 1.080 2.840 3.160
466.111 2.440 4.200 3.880
466.386 1.720 2.840 3.160
466.662 2.120 3.080 2.760
466.937 2.680 3.320 3.240
467.214 3.160 3.480 2.920
467.489 2.520 3.480 3.240
467.764 2.680 3.320 3.160
468.041 2.600 3.480 3.160
468.316 2.600 3.480 3.240
468.592 2.680 3.720 3.080
468.885 2.600 3.400 3.160
469.160 1.880 3.560 3.400
469.437 2.280 3.960 2.600
469.712 2.120 3.640 2.920
469.988 1.960 3.800 2.920
470.263 1.960 2.920 2.520
470.539 2.600 3.640 2.600
470.815 2.680 3.720 2.920
471.090 2.120 3.640 2.760
471.367 2.440 3.560 2.680
471.642 2.600 3.720 2.760
471.918 5.880 2.760 3.080
472.193 1.960 3.880 3.240
472.470 2.520 3.400 2.840
472.752 2.600 3.560 2.680
473.028 2.440 4.520 2.360
473.303 2.840 3.480 3.000
473.579 2.360 3.720 3.240
473.855 2.840 2.040 1.960
474.131 4.040 2.520 2.600
474.406 3.320 2.680 1.800
474.683 3.240 3.000 1.800
474.958 3.000 4.600 2.440
475.233 2.840 3.880 2.360
475.510 2.520 3.160 4.760
475.785 0.360 3.400 -0.360
476.061 2.760 2.600 1.960
476.344 7.720 3.000 2.440
476.619 2.840 2.680 1.800
476.894 2.840 2.920 2.120
477.171 2.680 3.240 1.720
477.446 2.440 2.040 3.240
477.722 2.520 1.480 2.440
477.998 2.520 1.960 1.720
478.274 2.600 2.920 2.040
478.549 2.680 2.760 2.360
478.826 2.520 3.480 2.040
479.101 2.520 3.480 2.040
479.377 2.440 3.880 1.400
479.653 2.600 4.200 2.840
479.929 2.440 4.040 2.520
480.356 2.440 2.600 3.000
480.633 1.960 3.000 3.400
480.911 1.880 3.160 3.240
481.188 2.120 3.240 3.240
481.466 2.040 3.240 3.320
481.744 2.040 3.160 3.240
482.022 1.960 3.160 3.240
482.299 1.960 3.240 3.320
482.577 2.040 3.160 3.320
482.854 1.960 3.160 3.320
483.133 1.960 3.160 3.320
483.410 1.960 3.080 3.320
483.688 1.960 3.160 3.320
483.980 1.880 3.080 3.320
484.258 1.880 3.080 3.240
484.537 1.800 3.080 3.240
484.814 1.800 3.080 3.240
485.093 1.960 3.080 3.320
485.380 1.960 3.160 3.400
485.659 2.040 3.160 3.320
485.936 2.040 3.160 3.320
486.214 2.040 3.080 3.320
486.492 1.800 3.240 3.480
486.770 1.800 2.360 3.000
487.047 1.880 3.080 3.320
487.326 1.960 3.400 3.000
487.603 2.040 3.240 3.080
487.888 2.200 3.480 2.840
488.166 2.360 3.800 2.760
488.444 2.520 3.960 2.600
488.722 2.600 3.800 2.760
488.999 2.440 3.480 2.760
489.278 2.040 3.240 3.000
489.555 2.440 3.400 3.400
489.833 1.800 3.480 2.840
490.111 2.120 3.240 2.600
490.389 2.440 3.800 2.680
490.667 2.280 3.560 2.840
490.945 2.120 3.560 2.680
491.222 1.880 3.160 3.000
491.507 2.040 3.080 3.320
491.784 1.960 3.160 3.320
492.063 2.840 2.920 3.720
492.340 2.600 2.840 3.720
492.619 2.680 2.360 3.720
492.896 2.680 2.360 3.720
493.174 3.320 1.960 3.000
493.452 3.640 2.280 2.440
493.730 3.560 2.280 2.600
494.009 2.600 1.480 2.600
494.286 2.200 1.640 2.200
494.564 2.040 1.880 2.600
494.842 1.800 2.360 3.480
495.120 2.200 1.800 3.080
495.404 2.120 1.640 3.240
495.682 2.120 1.720 3.160
495.960 2.280 1.720 3.320
496.238 2.200 1.720 3.240
496.515 1.880 3.400 4.200
496.794 2.280 1.640 3.480
497.071 1.800 2.920 3.560
497.350 2.120 3.000 3.480
497.627 2.040 3.160 3.240
497.905 2.040 3.480 2.680
498.183 1.880 3.320 2.440
498.461 2.280 3.720 2.360
498.738 2.440 3.320 3.400
499.048 2.520 3.160 3.320
499.325 2.680 3.320 3.640
499.603 2.840 3.000 3.640
499.881 2.760 2.280 3.560
500.159 2.680 2.280 3.640
500.437 2.440 2.520 3.560
500.715 2.760 2.360 3.560
500.992 2.680 2.200 3.560
501.271 2.840 2.040 3.480
501.548 2.920 2.120 3.560
501.837 2.840 2.040 3.480
502.115 3.000 1.960 3.480
502.392 2.760 2.200 3.480
502.671 2.840 2.200 3.480
502.948 2.760 1.880 3.560
503.227 2.680 3.080 3.080
503.504 2.600 3.160 4.120
503.782 2.440 3.080 3.880
504.060 2.360 3.160 3.720
504.338 2.360 2.920 3.800
504.615 2.360 3.080 3.480
504.894 2.360 3.240 3.320
505.171 2.280 3.320 3.240
505.449 2.360 3.320 3.400
505.727 2.360 3.160 3.560
506.005 2.440 3.080 3.560
506.282 2.520 3.240 3.560
506.567 2.520 3.240 3.480
506.844 2.520 3.320 3.400
507.123 2.360 3.320 3.480
507.400 2.440 3.160 3.560
507.678 2.360 3.320 3.320
507.956 2.200 3.640 3.640
508.234 2.440 3.320 3.320
508.512 2.280 3.080 3.160
508.790 2.280 1.480 2.600
509.067 2.200 1.560 2.360
509.346 2.120 1.720 2.280
509.624 2.120 1.640 2.360
509.901 2.200 1.640 2.360
510.186 2.280 1.640 2.360
510.464 2.200 1.560 2.440
510.742 2.120 1.640 2.600
511.019 2.120 1.640 2.520
511.298 2.040 1.560 2.280
511.575 2.200 1.640 2.360
511.853 2.200 1.560 2.440
512.130 2.280 1.560 2.680
512.409 2.200 1.480 2.600
512.686 2.280 1.560 2.440
512.964 2.200 1.640 2.360
513.242 2.200 1.720 2.280
513.520 2.120 1.640 2.360
513.797 2.120 1.720 2.280
514.082 2.040 1.720 2.360
514.360 2.040 1.720 2.360
514.638 2.040 1.720 2.440
514.916 2.040 1.640 2.440
515.193 2.040 1.720 2.600
515.472 2.040 1.720 2.520
515.749 2.040 1.640 2.520
516.027 2.280 1.480 2.920
516.305 2.120 1.800 3.160
516.583 2.120 1.720 3.080
516.860 2.120 1.720 3.000
517.139 2.040 1.560 2.520
517.416 2.120 1.800 1.960
517.701 2.040 2.040 1.880
517.978 2.200 2.120 1.560
518.267 2.200 2.120 1.720
518.545 2.200 1.720 2.040
518.822 2.120 1.720 2.280
519.101 2.200 1.640 2.760
519.387 2.120 1.720 3.000
519.665 1.960 1.800 3.000
519.942 1.960 1.880 3.000
520.221 2.040 1.640 2.760
520.498 2.040 1.640 2.760
520.776 2.120 1.720 3.000
521.054 2.200 1.720 3.160
521.332 2.040 2.120 3.320
521.617 2.120 2.760 3.640
521.894 2.280 2.920 3.720
522.172 2.120 1.800 3.160
522.450 2.200 1.560 2.680
522.728 2.200 1.560 2.200
523.005 2.200 1.720 2.040
523.284 2.200 1.880 2.200
523.561 2.200 1.640 2.280
523.839 2.200 1.640 2.120
524.117 2.200 1.640 2.120
524.395 2.120 1.800 2.040
524.672 1.800 2.120 1.800
524.951 2.600 2.200 1.560
525.235 2.600 2.440 1.560
525.513 2.680 2.600 1.560
525.790 2.520 2.680 1.560
526.069 2.680 2.760 1.560
526.346 2.680 2.680 1.640
526.624 2.360 2.680 1.800
526.901 2.280 2.760 1.960
527.180 1.640 1.800 1.480
527.457 1.800 1.880 2.520
527.735 1.960 1.720 2.840
528.014 1.640 1.800 3.000
528.291 1.960 1.640 3.240
528.569 2.200 1.080 3.480
528.847 2.200 2.520 2.920
529.132 1.960 1.720 2.440
529.409 1.880 1.960 2.920
529.687 1.960 1.640 2.760
529.965 1.880 1.800 2.760
530.243 2.280 2.120 2.760
530.520 1.800 2.040 2.840
530.799 1.560 2.120 2.840
531.076 1.720 2.200 2.920
531.354 2.280 2.360 2.600
531.632 1.800 1.720 3.000
531.910 1.960 1.480 2.600
532.187 1.640 1.880 2.600
532.466 1.880 1.880 2.600
532.751 1.960 1.720 2.760
533.028 1.960 1.720 2.760
533.306 1.640 1.800 2.600
533.583 1.720 1.960 2.600
533.862 1.720 1.720 2.680
534.148 1.720 1.800 2.600
534.436 1.800 1.720 2.760
534.714 1.720 1.160 3.240
534.992 1.720 3.000 2.200
535.270 1.320 2.520 2.200
535.547 1.800 2.520 2.520
535.825 1.800 1.720 2.360
536.103 1.800 1.720 2.840
536.381 1.640 1.800 2.760
536.665 1.800 1.880 2.520
536.943 1.880 1.960 2.920
537.220 1.720 2.120 2.680
537.499 1.960 1.800 2.520
537.776 1.960 1.560 2.600
538.054 1.960 1.640 2.600
538.331 1.800 1.720 2.680
538.610 1.880 1.880 2.760
538.887 1.720 2.200 2.840
539.165 1.560 1.880 2.760
539.443 1.720 2.040 2.680
539.721 1.720 1.880 2.680
539.998 1.640 2.040 2.680
540.283 1.720 2.040 2.680
540.561 1.720 1.960 2.680
540.839 1.720 1.960 2.760
541.117 1.720 1.960 2.760
541.394 1.720 2.040 2.760
541.672 1.720 1.960 2.760
541.950 1.720 2.120 2.760
542.228 1.800 1.960 2.680
542.505 1.880 1.720 2.840
542.783 1.880 1.800 2.840
543.061 1.720 1.640 2.760
543.339 1.800 2.040 2.680
543.616 1.480 1.800 2.280
543.894 1.880 2.040 2.600
544.178 1.640 1.640 2.600
544.457 1.880 2.200 3.080
544.734 1.640 1.240 2.840
545.012 2.040 2.360 2.600
545.289 1.240 1.320 3.400
545.568 2.200 1.720 3.240
545.845 1.960 1.640 3.000
546.123 1.960 1.800 3.000
546.400 1.800 1.960 2.920
546.679 1.800 1.800 3.000
546.956 1.800 2.200 3.000
547.234 1.800 2.040 2.920
547.513 1.400 1.880 3.000
547.796 2.040 2.280 2.360
548.075 1.480 2.120 2.680
548.352 1.720 1.880 2.680
548.630 1.800 1.800 2.760
548.908 1.880 1.800 3.000
549.186 1.800 1.960 3.000
549.463 1.880 2.040 2.760
549.742 1.400 1.560 2.600
550.019 3.320 2.520 3.240
550.297 2.200 2.520 3.640
550.574 2.680 3.240 3.960
550.863 3.240 2.760 2.920
551.141 3.240 2.920 3.400
551.418 2.280 2.760 3.880
551.703 3.000 2.520 3.160
551.981 3.000 2.920 3.560
552.259 3.000 2.920 3.640
552.536 3.000 2.920 3.640
552.814 3.080 2.760 3.480
553.092 3.080 3.000 3.640
553.370 3.160 2.920 3.560
553.647 3.000 2.840 3.640
553.926 3.000 2.840 3.640
554.203 2.920 2.840 3.640
554.490 2.920 2.840 3.640
554.768 3.000 2.840 3.640
555.045 3.000 2.920 3.640
555.330 3.080 2.760 3.560
555.607 3.160 2.920 3.480
555.885 3.160 2.760 3.560
556.163 3.160 2.760 3.560
556.441 3.160 2.760 3.560
556.718 3.160 2.840 3.560
556.997 3.160 2.680 3.560
557.274 3.160 2.760 3.560
557.552 3.160 2.760 3.560
557.829 3.160 2.760 3.560
558.108 3.160 2.760 3.560
558.385 3.080 2.760 3.560
558.663 3.160 2.840 3.560
558.940 3.160 2.840 3.560
559.225 0.920 1.960 3.800
559.503 3.160 2.840 3.480
559.781 3.240 2.760 3.560
560.059 3.160 2.840 3.560
560.336 3.160 2.840 3.560
560.615 3.160 2.840 3.560
560.892 3.240 2.840 3.480
561.170 3.320 2.920 3.480
561.447 3.000 2.920 3.640
561.726 3.160 2.920 3.560
562.003 3.000 2.440 3.960
562.281 3.080 2.920 3.560
562.558 3.240 2.680 3.480
562.843 3.240 3.080 2.920
563.121 3.080 3.320 2.520
563.399 2.280 3.160 3.480
563.676 1.800 2.760 3.320
563.954 2.200 2.600 3.560
564.232 1.960 2.600 3.720
564.510 2.120 1.880 3.080
564.787 2.040 2.840 3.560
565.065 2.360 2.920 2.840
565.343 2.040 3.720 2.920
565.621 2.520 4.280 3.160
565.898 3.080 3.640 2.840
566.176 3.240 3.800 1.400
566.454 2.760 3.560 2.440
566.739 2.840 3.720 2.760
567.027 2.920 3.640 2.600
567.304 3.320 3.640 2.680
567.582 3.000 3.720 2.680
567.860 2.760 3.720 2.680
568.138 3.880 2.920 3.160
568.415 3.080 3.560 3.000
568.693 3.320 3.400 3.160
568.970 3.160 3.400 3.160
569.258 2.920 3.640 1.960
569.536 2.280 3.560 2.920
569.813 1.880 3.640 1.880
570.091 1.880 3.400 2.840
570.375 1.640 3.160 3.000
570.653 1.800 3.160 2.280
570.930 1.320 2.840 2.200
571.208 1.560 3.640 1.960
571.486 1.560 2.600 2.120
571.764 1.800 2.680 2.600
572.041 1.640 2.280 2.280
572.319 1.800 2.840 2.200
572.597 2.120 3.240 2.440
572.875 1.480 3.240 2.600
573.152 2.360 3.240 2.840
573.430 2.600 3.560 2.280
573.707 2.120 5.880 1.960
573.986 2.200 2.920 1.800
574.265 3.160 3.320 1.160
574.542 2.760 3.160 1.720
574.820 2.760 3.080 1.800
575.097 3.320 4.680 1.080
575.375 1.560 2.280 1.320
575.652 2.840 3.240 1.800
575.931 2.840 3.320 1.800
576.208 2.840 3.320 1.800
576.486 2.840 3.320 1.800
576.763 2.840 3.320 1.880
577.042 2.760 3.400 1.800
577.319 2.840 3.320 1.800
577.597 2.840 3.480 1.880
577.881 2.200 3.320 2.200
578.159 3.080 3.960 3.320
578.436 1.320 3.800 2.360
578.715 1.880 3.080 3.400
578.992 1.560 3.160 2.680
579.270 1.480 2.520 2.440
579.547 1.720 2.360 3.080
579.825 1.720 2.600 2.440
580.103 1.480 2.760 2.200
580.381 1.800 2.520 2.600
580.658 1.480 2.600 2.920
580.936 1.320 2.520 2.600
581.214 1.480 2.280 2.760
581.498 1.480 3.160 3.000
581.777 2.440 2.920 1.880
582.054 2.760 3.160 2.600
582.332 2.760 2.840 2.200
582.609 2.200 3.640 2.360
582.888 5.000 3.000 0.920
583.165 2.760 3.560 2.040
583.453 1.800 3.320 2.840
583.731 2.200 3.480 2.600
584.009 2.600 3.960 2.440
584.286 2.520 3.320 1.640
584.564 2.200 3.800 1.480
584.841 2.760 2.680 2.440
585.120 3.080 2.760 1.160
585.405 2.840 3.640 2.840
585.682 3.080 3.320 1.800
585.960 2.760 4.120 2.200
586.237 2.760 3.880 3.240
586.515 1.960 3.720 1.480
586.792 2.200 3.560 3.000
587.071 2.600 3.880 2.520
587.348 2.440 3.320 2.840
587.626 2.440 3.560 2.680
587.903 3.000 2.760 1.160
588.182 1.640 3.720 1.880
588.459 1.480 2.600 1.800
588.737 3.080 2.040 3.000
589.021 3.160 3.560 3.400
589.299 2.840 3.640 3.560
589.576 2.680 3.320 2.280
589.863 2.760 3.160 2.680
590.141 2.840 3.640 1.560
590.418 2.520 3.320 2.840
590.697 2.680 3.560 1.800
590.974 1.880 4.040 1.800
591.252 2.120 3.480 1.400
591.529 1.800 3.480 1.560
591.807 1.720 3.400 1.720
592.085 2.120 3.320 2.200
592.363 3.240 2.520 1.720
592.640 3.480 2.840 2.200
592.925 3.640 2.760 2.680
593.202 2.920 2.840 1.960
593.480 3.960 2.040 1.960
593.757 3.880 2.920 1.880
594.035 3.320 2.920 1.880
594.312 3.240 2.760 2.200
594.591 3.320 2.840 2.200
594.868 3.560 2.920 2.120
595.146 3.480 2.920 2.120
595.423 3.480 2.920 2.120
595.701 3.480 2.920 2.120
595.979 3.480 2.920 2.120
596.257 3.480 2.920 2.120
596.541 3.480 2.920 2.120
596.818 3.480 2.920 2.120
597.097 3.480 2.920 2.120
597.374 3.480 2.920 2.120
597.652 3.480 2.920 2.120
597.929 3.480 2.920 2.120
598.207 3.480 2.920 2.120
598.485 3.480 2.920 2.120
598.763 3.480 2.920 2.120
599.040 3.480 2.920 2.120
599.318 3.480 2.920 2.120
599.606 3.480 2.920 2.120
599.884 3.480 2.920 2.120
600.161 3.480 2.920 2.120
600.443 3.480 2.920 2.120
600.721 3.480 2.920 2.120
600.998 3.480 2.920 2.120
601.276 3.480 2.920 2.120
601.554 3.480 2.920 2.120
601.832 3.480 2.920 2.120
602.109 3.480 2.920 2.120
602.387 3.480 2.920 2.120
602.664 3.480 2.920 2.120
602.942 3.480 2.920 2.120
603.220 3.480 2.920 2.120
603.498 3.480 2.920 2.120
603.775 3.480 2.920 2.120
604.060 3.480 2.920 2.120
604.347 3.480 2.920 2.120
604.624 3.480 2.920 2.120
604.902 3.480 2.920 2.120
605.180 3.480 2.920 2.120
605.458 3.480 2.920 2.120
605.735 3.480 2.920 2.120
606.014 3.480 2.920 2.120
606.291 3.480 2.920 2.120
606.570 3.480 2.920 2.120
606.847 3.480 2.920 2.120
607.125 3.480 2.920 2.120
607.403 3.480 2.920 2.120
607.681 3.480 2.920 2.120
607.965 3.480 2.920 2.120
608.243 3.480 2.920 2.120
608.521 3.480 2.920 2.120
608.799 3.480 2.920 2.120
609.076 3.480 2.920 2.120
609.355 3.480 2.920 2.120
609.632 3.480 2.920 2.120
609.911 3.480 2.920 2.120
610.188 3.480 2.920 2.120
610.467 3.480 2.920 2.120
610.745 3.480 2.920 2.120
611.022 3.480 2.920 2.120
611.301 3.480 2.920 2.120
611.585 3.480 2.920 2.120
611.863 3.480 2.920 2.120
612.140 3.480 2.920 2.120
612.419 3.480 2.920 2.120
612.696 3.480 2.920 2.120
612.974 3.480 2.920 2.120
613.252 3.480 2.920 2.120
613.530 3.480 2.920 2.120
613.808 3.480 2.920 2.120
614.086 3.480 2.920 2.120
614.364 3.480 2.920 2.120
614.642 3.480 2.920 2.120
614.919 3.480 2.920 2.120
615.198 3.480 2.920 2.120
615.483 3.480 2.920 2.120
615.760 3.480 2.920 2.120
616.048 3.480 2.920 2.120
616.326 3.480 2.920 2.120
616.604 3.480 2.920 2.120
616.881 3.480 2.920 2.120
617.160 3.480 2.920 2.120
617.437 3.480 2.920 2.120
617.715 3.480 2.920 2.120
617.993 3.480 2.920 2.120
618.271 3.480 2.920 2.120
618.549 3.480 2.920 2.120
618.827 3.480 2.920 2.120
619.112 3.480 2.920 2.120
619.389 3.480 2.920 2.120
619.667 3.480 2.920 2.120
619.945 3.480 2.920 2.120
620.223 3.480 2.920 2.120
620.500 3.480 2.920 2.120
620.779 3.480 2.920 2.120
621.056 3.480 2.920 2.120
621.334 3.480 2.920 2.120
621.612 3.480 2.920 2.120
621.890 3.480 2.920 2.120
622.167 3.480 2.920 2.120
622.446 3.480 2.920 2.120
622.723 3.480 2.920 2.120
623.008 3.480 2.920 2.120
623.285 3.480 2.920 2.120
623.564 3.480 2.920 2.120
623.841 3.480 2.920 2.120
624.119 3.480 2.920 2.120
624.398 3.480 2.920 2.120
624.675 3.480 2.920 2.120
624.962 3.480 2.920 2.120
625.240 3.480 2.920 2.120
625.518 3.480 2.920 2.120
625.795 3.480 2.920 2.120
626.074 3.480 2.920 2.120
626.351 3.480 2.920 2.120
626.636 3.480 2.920 2.120
626.913 3.480 2.920 2.120
627.192 3.480 2.920 2.120
627.470 3.480 2.920 2.120
627.747 3.480 2.920 2.120
628.026 3.480 2.920 2.120
628.303 3.480 2.920 2.120
628.581 3.480 2.920 2.120
628.859 3.480 2.920 2.120
629.137 3.480 2.920 2.120
629.414 3.480 2.920 2.120
629.693 3.480 2.920 2.120
629.970 3.480 2.920 2.120
630.248 3.480 2.920 2.120
630.532 3.480 2.920 2.120
630.811 3.480 2.920 2.120
631.088 3.480 2.920 2.120
631.366 3.480 2.920 2.120
631.644 3.480 2.920 2.120
631.922 3.720 2.840 2.200
632.211 3.480 2.920 2.120
632.488 3.480 2.920 2.120
632.766 3.480 2.920 2.120
633.043 3.480 2.920 2.120
633.322 3.480 2.920 2.120
633.599 3.160 2.600 2.280
633.877 3.560 2.040 1.880
634.161 3.000 2.920 1.640
634.440 2.200 2.520 1.400
634.717 3.080 3.240 2.040
634.995 2.760 3.560 2.200
635.272 2.840 3.400 1.960
635.551 3.000 3.480 2.040
635.828 3.000 3.400 2.040
636.106 3.080 3.400 2.120
636.384 3.160 3.560 2.040
636.662 3.080 3.480 2.040
636.940 3.160 3.480 2.040
637.218 3.080 3.400 2.760
637.496 3.160 3.560 2.600
637.774 3.240 3.320 2.280
638.058 3.160 2.760 1.800
638.336 2.920 3.480 1.560
638.614 2.280 2.840 1.640
638.891 2.040 3.000 1.880
639.170 1.640 2.760 2.120
639.456 1.480 2.760 2.600
639.734 1.560 2.680 2.920
640.011 1.640 2.680 2.920
640.290 1.640 2.760 2.920
640.568 1.720 2.920 2.920
640.845 1.560 3.000 2.840
641.124 1.640 2.920 3.080
641.401 1.640 3.000 3.000
641.686 1.720 2.840 2.840
641.963 1.560 2.760 2.760
642.241 1.560 2.920 2.680
642.519 1.640 2.920 2.520
642.797 1.640 2.920 2.600
643.074 1.640 2.840 2.760
643.353 1.560 2.920 2.680
643.630 1.640 2.840 2.920
643.909 1.560 2.840 2.920
644.186 1.640 2.840 2.760
644.464 1.640 2.920 2.760
644.741 1.640 3.000 2.760
645.020 1.640 3.000 2.840
645.297 1.640 3.000 2.760
645.576 1.640 3.000 2.760
645.853 1.640 2.920 2.760
646.131 1.560 2.920 2.600
646.409 1.720 2.840 2.760
646.687 1.640 2.920 2.520
646.964 1.640 3.080 2.520
647.243 1.480 2.920 2.760
647.520 1.640 2.840 2.840
647.798 1.560 2.840 2.760
648.075 1.640 2.840 2.920
648.354 1.560 2.840 2.920
648.642 1.720 2.840 2.840
648.920 1.560 2.840 3.000
649.204 1.640 2.840 3.000
649.481 1.560 2.920 2.920
649.760 1.560 2.840 2.920
650.037 1.640 2.680 3.080
650.315 1.640 2.760 2.840
650.593 1.560 2.760 2.760
650.871 1.560 2.760 2.920
651.148 1.640 2.600 2.920
651.426 1.560 2.600 2.840
651.705 1.560 2.600 2.920
651.982 1.480 2.680 2.840
652.260 1.560 2.600 2.840
652.538 1.480 2.520 2.840
652.823 1.560 2.440 2.840
653.100 1.560 2.520 2.920
653.378 1.640 2.440 2.920
653.655 1.560 2.440 2.920
653.934 1.560 2.440 2.840
654.211 1.560 2.440 2.920
654.489 1.640 2.440 2.920
654.767 1.560 2.440 2.920
655.045 1.560 2.440 2.920
655.322 1.560 2.440 2.920
655.601 1.560 2.440 2.920
655.878 1.640 2.360 3.000
656.156 1.560 2.440 2.920
656.433 1.560 2.520 2.840
656.718 1.560 2.520 2.840
656.997 1.560 2.440 2.920
657.274 1.560 2.520 2.920
657.552 1.560 2.520 2.920
657.830 1.560 2.520 2.920
658.108 1.560 2.440 2.840
658.385 1.800 2.280 2.840
658.664 1.640 2.280 2.760
658.941 1.640 2.600 2.920
659.219 1.560 2.520 2.920
659.497 1.560 2.440 2.840
659.775 1.560 2.520 2.840
660.052 1.640 2.520 3.000
660.346 1.560 2.520 3.080
660.624 1.640 2.600 3.000
660.901 1.640 2.520 3.000
661.180 1.640 2.520 2.920
661.457 1.640 2.520 2.920
661.735 1.640 2.520 2.920
662.012 1.480 2.520 3.000
662.291 1.480 2.440 2.840
662.568 1.560 2.440 2.840
662.846 1.480 2.760 2.920
663.123 1.560 2.520 2.600
663.402 1.560 2.520 2.760
663.679 1.560 2.520 2.680
663.957 1.640 2.520 2.600
664.241 1.560 2.520 2.600
664.519 1.640 2.600 2.600
664.808 1.560 2.600 2.600
665.085 1.480 2.600 2.600
665.363 1.560 2.600 2.680
665.641 1.560 2.600 2.680
665.919 1.560 2.600 2.680
666.196 1.560 2.520 2.680
666.474 1.560 2.600 2.680
666.752 1.480 2.680 2.680
667.030 1.640 2.600 2.840
667.307 1.560 2.600 2.760
667.586 1.560 2.680 2.840
667.869 1.560 2.680 2.840
668.147 1.560 2.680 2.840
668.425 1.560 2.680 2.840
668.703 1.560 2.760 2.840
668.980 1.480 2.760 3.160
669.259 1.560 2.760 2.760
669.536 1.560 2.760 2.680
669.814 1.480 2.760 2.680
670.091 1.560 2.760 2.840
670.370 1.480 2.680 2.840
670.648 1.560 2.600 2.840
670.925 1.560 2.600 2.840
671.203 1.560 2.680 2.840
671.481 1.560 2.680 2.840
671.766 1.560 2.600 2.760
672.043 1.560 2.600 2.760
672.321 1.560 2.600 3.000
672.598 1.560 2.680 2.920
672.877 1.560 2.760 3.000
673.154 1.560 2.680 3.000
673.432 1.640 2.760 3.000
673.709 1.560 2.840 3.000
673.988 1.640 2.760 2.920
674.265 1.640 2.760 2.920
674.552 1.640 2.760 3.000
674.830 1.640 2.760 2.920
675.108 1.560 2.760 2.920
675.393 1.640 2.760 2.920
675.670 1.560 2.760 2.920
675.948 1.560 2.840 2.920
676.225 1.560 2.760 2.920
676.503 1.560 2.760 2.920
676.781 1.640 2.760 2.840
677.059 1.560 2.760 2.920
677.336 1.560 2.760 2.760
677.614 1.560 2.760 2.840
677.892 1.560 2.760 2.840
678.170 1.560 2.760 2.840
678.447 1.640 2.680 3.000
678.725 1.560 2.840 2.920
679.003 1.560 2.920 3.000
679.287 1.560 2.920 2.840
679.566 1.640 2.760 2.600
679.843 1.560 2.680 2.680
680.121 1.560 2.760 2.680
680.398 1.560 2.760 2.680
680.677 1.480 2.760 2.600
680.954 1.560 2.760 2.760
681.242 1.560 2.760 2.600
681.520 1.560 2.680 2.520
681.798 1.560 2.760 2.760
682.075 1.480 2.680 2.760
682.353 1.560 2.760 2.760
682.631 1.560 2.760 2.840
682.915 1.560 2.760 2.840
683.194 1.560 2.760 2.840
683.471 1.560 2.760 2.840
683.749 1.560 2.760 2.840
684.026 1.560 2.760 2.840
684.304 1.560 2.760 2.840
684.582 1.560 2.760 2.840
684.860 1.560 2.680 2.840
685.137 1.560 2.760 2.760
685.415 1.560 2.760 2.840
685.693 1.560 2.760 2.840
685.971 1.560 2.760 2.840
686.248 1.560 2.760 2.840
686.527 1.720 2.680 2.920
686.811 1.560 2.760 2.840
687.089 1.560 2.680 2.920
687.366 1.560 2.680 2.920
687.644 1.640 2.760 2.920
687.921 1.560 2.680 2.840
688.200 1.560 2.760 2.840
688.477 1.560 2.760 2.840
688.755 1.640 2.760 2.840
689.033 1.560 2.760 2.840
689.311 1.560 2.760 2.840
689.588 1.560 2.760 2.840
689.866 1.560 2.760 2.920
690.144 1.560 2.680 2.760
690.429 1.560 2.680 2.680
690.707 1.560 2.760 2.600
690.984 1.560 2.760 2.520
691.262 1.560 2.840 2.600
691.539 1.560 2.840 2.600
691.818 1.560 2.840 2.680
692.095 1.560 2.840 2.600
692.373 1.560 2.760 2.600
692.650 1.480 2.840 2.680
692.929 1.560 2.760 2.600
693.206 1.560 2.840 2.760
693.484 1.560 2.840 2.680
693.761 1.480 2.840 2.760
694.040 1.560 2.680 2.760
694.324 1.480 2.680 2.680
694.602 1.560 2.760 2.680
694.879 1.560 2.760 2.760
695.157 1.560 2.840 2.760
695.444 1.560 2.840 2.760
695.722 1.560 2.760 2.760
696.000 1.560 2.840 2.760
696.277 1.560 2.840 2.760
696.555 1.560 2.840 2.840
696.833 1.560 2.840 2.760
697.111 1.560 2.840 2.760
697.398 1.560 2.840 2.760
697.676 1.560 2.840 2.760
697.961 1.560 2.840 2.760
698.238 1.560 2.840 2.760
698.517 1.560 2.840 2.760
698.794 1.560 2.840 2.760
699.072 1.560 2.840 2.760
699.349 1.560 2.840 2.760
699.627 1.560 2.840 2.760
699.905 1.560 2.840 2.760
700.183 1.560 2.840 2.760
700.460 1.560 2.840 2.760
700.738 1.560 2.840 2.760
701.015 1.560 2.840 2.760
701.293 1.560 2.840 2.760
701.571 1.560 2.840 2.760
701.856 1.560 2.840 2.760
702.133 1.560 2.840 2.760
702.411 1.560 2.840 2.760
702.688 1.560 2.840 2.760
702.966 1.560 2.840 2.760
703.243 1.560 2.840 2.840
703.522 1.560 2.840 2.760
703.800 1.560 2.840 2.760
704.077 1.560 2.840 2.760
704.355 1.560 2.840 2.760
704.633 1.640 2.840 2.760
704.911 1.560 2.920 2.840
705.188 1.640 2.920 2.840
705.473 1.640 2.920 2.840
705.750 1.640 2.920 2.840
706.028 1.640 2.920 2.840
706.305 1.640 2.920 2.840
706.583 1.640 2.840 2.920
706.861 1.480 3.000 3.000
707.139 1.720 3.240 2.920
707.416 1.720 3.000 2.920
707.694 1.640 3.000 2.920
707.971 1.640 3.000 2.840
708.249 1.640 3.000 2.840
708.527 1.640 3.000 2.840
708.805 1.640 3.000 2.840
709.082 1.640 3.000 2.760
709.367 1.640 2.920 2.760
709.654 1.560 3.000 2.840
709.931 1.640 2.920 2.760
710.209 1.560 2.920 2.680
710.486 1.640 2.920 2.840
710.764 1.640 2.920 2.680
711.041 1.560 2.840 2.600
711.320 1.560 2.840 2.680
711.597 1.560 2.760 2.680
711.875 1.560 2.840 2.680
712.152 1.560 2.920 2.680
712.430 1.640 2.760 2.840
712.708 1.560 2.920 2.680
712.993 1.560 2.920 2.680
713.270 1.640 2.920 2.760
713.558 1.560 2.920 2.680
713.836 1.640 2.920 2.680
714.113 1.640 3.000 2.600
714.391 1.640 2.920 2.600
714.669 1.480 2.920 2.600
714.947 1.640 2.680 2.840
715.224 1.640 2.680 2.680
715.502 1.560 2.760 2.760
715.779 1.560 2.760 2.680
716.057 1.560 2.840 2.680
716.335 1.560 2.840 2.680
716.613 1.560 2.840 2.600
716.890 1.560 2.840 2.600
717.168 1.560 2.840 2.680
717.446 1.560 2.840 2.680
717.724 1.560 2.840 2.680
718.001 1.560 2.840 2.680
718.279 1.560 2.840 2.680
718.556 1.560 2.840 2.680
718.834 1.560 2.840 2.680
719.112 1.560 2.840 2.680
719.390 1.560 2.840 2.680
719.667 1.560 2.840 2.600
719.945 1.560 2.840 2.680
720.222 1.560 2.840 2.680
720.656 1.560 2.840 2.680
720.933 1.560 2.840 2.680
721.211 1.560 2.840 2.600
721.489 1.560 2.840 2.600
721.767 1.560 2.840 2.680
722.044 1.560 2.840 2.680
722.322 1.560 2.840 2.600
722.599 1.560 2.840 2.600
722.878 1.560 2.840 2.600
723.155 1.560 2.840 2.600
723.433 1.560 2.840 2.600
723.710 1.560 2.840 2.600
723.988 1.560 2.840 2.600
724.287 1.560 2.920 2.680
724.564 1.560 2.920 2.600
724.842 1.640 2.920 2.600
725.120 1.640 2.920 2.600
725.398 1.560 2.920 2.600
725.675 1.560 2.920 2.600
725.954 1.560 2.920 2.520
726.231 1.560 2.840 2.600
726.510 1.640 2.920 2.600
726.787 1.560 3.000 2.520
727.065 1.640 2.920 2.600
727.343 1.560 2.840 2.520
727.621 1.640 2.840 2.600
727.899 1.640 2.840 2.600
728.184 1.560 2.920 2.520
728.462 1.640 2.920 2.520
728.739 1.640 2.920 2.600
729.018 1.560 2.920 2.520
729.295 1.640 2.920 2.600
729.574 1.640 2.920 2.600
729.851 1.640 2.920 2.520
730.129 1.640 2.920 2.600
730.417 1.640 2.920 2.600
730.695 1.640 2.920 2.520
730.982 1.640 2.920 2.520
731.260 1.640 2.920 2.520
731.538 1.640 2.920 2.520
731.822 1.640 2.920 2.520
732.100 1.640 2.920 2.520
732.377 1.640 2.920 2.520
732.656 1.640 2.920 2.520
732.933 1.640 2.920 2.520
733.211 1.560 2.920 2.520
733.489 1.640 2.920 2.440
733.767 1.640 2.920 2.520
734.044 1.640 2.920 2.520
734.323 1.640 2.920 2.520
734.600 1.640 2.920 2.520
734.879 1.640 2.920 2.520
735.156 1.640 2.920 2.520
735.434 1.640 2.920 2.600
735.719 1.560 2.920 2.520
735.996 1.640 2.920 2.520
736.275 1.560 2.920 2.520
736.552 1.640 2.920 2.520
736.831 1.560 2.920 2.520
737.108 1.640 2.840 2.520
737.386 1.560 2.920 2.520
737.664 1.560 2.840 2.600
737.942 1.560 2.840 2.520
738.219 1.640 2.760 2.520
738.498 1.560 2.760 2.600
738.775 1.640 3.080 2.680
739.053 1.640 3.000 2.680
739.337 1.640 3.000 2.600
739.615 1.640 3.000 2.440
739.893 1.560 2.840 2.520
740.171 1.640 2.840 2.520
740.448 1.640 2.920 2.600
740.727 1.640 2.920 2.520
741.004 1.640 2.920 2.520
741.283 1.640 2.920 2.520
741.561 1.640 2.920 2.520
741.838 1.560 2.920 2.600
742.117 1.560 2.840 2.600
742.394 1.560 2.840 2.600
742.672 1.560 2.840 2.600
742.950 1.560 2.840 2.600
743.235 1.640 2.840 2.600
743.512 1.560 2.840 2.600
743.790 1.640 2.760 2.600
744.068 1.560 2.760 2.520
744.346 1.560 2.840 2.600
744.623 1.560 2.840 2.600
744.911 1.560 2.840 2.600
745.189 1.560 2.840 2.600
745.466 1.560 2.840 2.600
745.745 1.560 2.760 2.520
746.022 1.560 2.760 2.520
746.300 1.560 2.760 2.520
746.588 1.560 2.760 2.520
746.873 1.560 2.760 2.520
747.151 1.560 2.840 2.520
747.428 1.560 2.840 2.600
747.707 1.560 2.840 2.600
747.984 1.560 2.840 2.600
748.262 1.560 2.840 2.600
748.540 1.560 2.840 2.600
748.818 1.560 2.840 2.600
749.096 1.560 2.760 2.600
749.374 1.560 2.760 2.520
749.651 1.560 2.840 2.520
749.930 1.560 2.840 2.520
750.207 1.560 2.840 2.600
750.485 1.560 2.840 2.520
750.769 1.560 2.840 2.600
751.048 1.560 2.840 2.600
751.325 1.560 2.760 2.520
751.603 1.560 2.840 2.520
751.881 1.560 2.920 2.600
752.159 1.560 2.840 2.520
752.436 1.560 2.920 2.520
752.715 1.640 2.920 2.600
752.992 1.480 2.840 2.600
753.270 1.560 2.840 2.600
753.548 1.480 2.840 2.600
753.826 1.560 2.840 2.440
754.104 1.560 2.840 2.520
754.388 1.560 2.760 2.600
754.667 1.640 2.760 2.520
754.944 1.560 2.760 2.440
755.222 1.560 2.840 2.520
755.500 1.640 2.760 2.520
755.778 1.560 2.760 2.520
756.055 1.560 2.840 2.520
756.334 1.560 2.840 2.520
756.611 1.560 2.840 2.520
756.889 1.560 2.840 2.520
757.167 1.560 2.840 2.520
757.445 1.560 2.840 2.600
757.723 1.560 2.840 2.520
758.001 1.560 2.840 2.520
758.286 1.560 2.840 2.520
758.563 1.560 2.840 2.600
758.842 1.560 2.840 2.600
759.119 1.560 2.840 2.600
759.397 1.640 2.840 2.520
759.675 1.560 2.760 2.600
759.953 1.560 2.840 2.520
760.230 1.640 2.840 2.680
760.509 1.640 2.920 2.840
760.786 1.640 3.000 2.600
761.065 1.640 3.000 2.520
761.342 1.640 3.080 2.440
761.620 1.720 3.080 2.520
761.904 1.720 3.080 2.520
762.182 1.640 3.080 2.520
762.460 1.640 3.000 2.520
762.738 1.640 3.000 2.520
763.027 1.560 2.920 2.520
763.304 1.640 2.920 2.520
763.582 1.640 2.920 2.520
763.860 1.640 3.000 2.520
764.138 1.640 3.000 2.520
764.415 1.640 2.920 2.520
764.694 1.640 3.000 2.520
764.971 1.640 2.920 2.520
765.249 1.640 2.920 2.520
765.527 1.640 2.920 2.520
765.812 1.560 2.920 2.440
766.099 1.640 2.920 2.440
766.376 1.640 2.920 2.440
766.654 1.640 2.840 2.440
766.931 1.640 2.920 2.440
767.210 1.640 2.920 2.520
767.487 1.640 2.920 2.520
767.765 1.640 3.000 2.600
768.043 1.560 2.760 2.520
768.321 1.640 2.840 2.760
768.598 1.640 2.840 2.680
768.877 1.560 3.000 2.760
769.154 1.640 2.920 2.760
769.439 1.640 2.920 2.760
769.716 1.560 3.000 2.760
769.994 1.640 3.000 2.680
770.272 1.640 3.000 2.680
770.550 1.640 3.000 2.840
770.827 1.560 2.840 2.680
771.106 1.560 2.840 2.600
771.384 1.560 2.760 2.680
771.661 1.560 2.760 2.680
771.939 1.560 2.840 2.760
772.217 1.560 2.840 2.760
772.495 1.560 2.840 2.760
772.772 1.560 2.840 2.680
773.051 1.560 2.840 2.680
773.335 1.560 2.840 2.680
773.613 1.560 2.920 2.600
773.890 1.560 2.600 2.600
774.168 1.560 2.680 2.600
774.446 1.560 2.680 2.520
774.724 1.560 2.760 2.520
775.001 1.560 2.760 2.520
775.280 1.560 2.760 2.600
775.557 1.560 2.760 2.680
775.835 1.560 2.760 2.680
776.113 1.560 2.680 2.680
776.391 1.560 2.760 2.680
776.668 1.560 2.840 2.680
776.953 1.640 2.760 2.760
777.231 1.560 2.920 2.760
777.509 1.640 3.000 2.680
777.787 1.560 2.920 2.760
778.065 1.640 2.840 3.000
778.343 1.640 2.920 2.920
778.620 1.640 3.080 3.000
778.898 1.640 3.000 2.920
779.186 1.640 3.000 2.920
779.464 1.640 3.000 3.000
779.742 1.640 2.920 2.840
780.029 1.720 3.000 3.000
780.307 1.720 3.000 3.000
780.584 1.640 3.080 2.920
780.869 1.640 3.160 3.080
781.146 1.640 3.000 3.000
781.425 1.720 2.760 2.920
781.702 1.640 2.600 3.240
781.980 1.800 2.680 3.480
782.257 1.800 2.600 3.320
782.536 1.720 2.520 3.080
782.813 1.480 2.600 3.000
783.091 1.560 2.600 2.920
783.368 1.560 2.680 3.240
783.647 1.640 2.680 3.080
783.924 1.640 2.520 3.000
784.202 1.560 2.520 2.920
784.487 1.560 2.600 3.000
784.764 1.480 3.000 2.920
785.043 1.880 3.160 3.400
785.320 1.560 2.840 3.000
785.598 1.720 2.920 2.920
785.876 1.640 2.840 3.080
786.154 1.640 2.760 2.920
786.431 1.640 2.920 2.760
786.709 1.560 2.840 2.840
786.987 1.720 3.000 2.920
787.265 1.640 3.000 2.680
787.542 1.560 2.920 2.680
787.821 1.640 2.840 2.760
788.098 1.640 2.920 2.760
788.377 1.560 3.080 2.760
788.654 1.640 3.160 2.920
788.932 2.200 3.400 3.160
789.209 2.120 3.240 3.240
789.488 2.200 3.320 3.560
789.765 1.880 3.000 3.480
790.043 2.200 2.360 3.160
790.320 1.880 2.840 3.720
790.599 2.120 2.760 3.320
790.876 1.720 2.520 3.160
791.154 1.560 2.360 3.000
791.432 1.800 2.840 2.680
791.710 1.640 2.520 3.000
791.995 1.560 2.520 3.000
792.272 1.640 2.520 3.080
792.550 1.560 2.600 3.080
792.828 1.640 2.360 3.160
793.106 1.400 2.280 3.320
793.383 1.320 2.520 3.320
793.661 1.720 2.520 3.080
793.939 1.640 2.360 3.080
794.217 1.640 2.360 3.160
794.494 1.720 2.520 3.080
794.773 1.800 2.440 3.240
795.050 1.640 2.440 3.160
795.328 1.720 2.440 3.160
795.623 1.640 2.440 3.160
795.901 1.720 2.440 3.080
796.179 1.640 2.440 3.080
796.456 1.640 2.440 3.160
796.734 1.720 2.440 3.160
797.012 1.640 2.440 3.080
797.290 1.640 2.520 3.080
797.567 1.640 2.520 3.080
797.845 1.640 2.440 3.080
798.123 1.640 2.440 3.080
798.401 1.720 2.440 3.160
798.678 1.080 3.240 3.800
798.957 1.640 2.680 3.960
799.234 1.960 2.360 3.480
799.519 1.320 2.520 3.160
799.796 1.720 2.680 3.320
800.074 1.480 2.360 2.840
800.351 1.480 2.280 2.600
800.630 1.800 2.440 2.680
800.907 2.520 2.280 2.680
801.185 2.520 2.600 2.040
801.472 2.840 3.560 1.640
801.750 3.480 3.720 2.200
802.028 2.840 4.280 2.200
802.305 2.360 4.200 2.360
802.583 2.200 3.080 1.880
802.861 2.520 3.640 1.880
803.146 2.120 3.080 2.280
803.423 2.440 3.080 2.200
803.701 2.760 2.840 3.000
803.978 3.000 3.960 2.120
804.257 3.000 4.200 2.440
804.534 2.360 3.240 1.800
804.812 3.000 4.120 2.360
805.089 2.840 3.160 1.720
805.368 2.520 4.040 2.440
805.646 2.520 3.240 1.800
805.923 2.680 4.200 2.520
806.202 2.120 2.920 1.880
806.479 2.200 4.120 2.440
806.757 2.040 3.080 2.360
807.041 2.120 3.320 1.720
807.319 2.120 3.240 3.000
807.597 3.000 2.600 2.040
807.875 2.840 3.720 1.960
808.152 2.520 3.480 1.720
808.430 3.160 4.280 3.080
808.708 2.760 3.560 2.120
808.986 2.520 3.640 2.280
809.263 2.840 4.440 2.120
809.542 2.200 4.200 1.960
809.819 2.360 3.800 2.040
810.097 1.640 2.680 2.520
810.375 2.120 2.680 2.360
810.659 3.080 2.680 2.840
810.938 3.080 3.640 1.480
811.215 2.040 4.520 2.280
811.493 1.720 3.240 2.520
811.781 1.800 3.560 3.320
812.059 1.560 3.400 1.800
812.336 1.720 2.440 2.600
812.614 2.840 3.400 3.800
812.892 1.720 4.280 2.280
813.170 2.040 3.560 3.000
813.447 2.840 3.800 1.400
813.725 2.120 4.120 2.120
814.002 2.680 2.920 3.160
814.281 10.840 5.400 2.760
814.566 2.360 3.880 1.160
814.843 3.320 2.840 2.040
815.130 3.160 3.400 1.480
815.407 3.160 3.240 1.960
815.685 2.760 3.800 1.480
815.962 2.600 3.000 2.920
816.241 2.200 3.960 1.480
816.518 2.520 3.160 1.640
816.796 2.440 3.000 2.840
817.073 3.480 2.040 1.720
817.351 3.560 2.520 3.880
817.629 3.960 3.320 3.560
817.907 3.080 3.640 4.040
818.192 2.600 3.800 3.560
818.469 5.160 4.440 4.680
818.747 3.640 3.320 5.960
819.024 2.520 3.960 1.480
819.303 2.760 2.760 3.480
819.580 2.920 4.440 2.440
819.858 1.720 4.200 3.720
820.135 4.440 4.200 2.440
820.414 2.200 0.600 6.120
820.691 2.760 2.600 0.040
820.969 1.480 2.440 0.200
821.246 4.360 1.720 0.920
821.525 2.520 3.480 2.040
821.802 2.600 3.560 1.560
822.087 3.240 2.200 1.080
822.364 3.000 1.880 2.120
822.642 2.600 1.800 2.440
822.919 2.680 1.560 2.360
823.197 2.760 1.720 2.280
823.475 1.640 2.200 2.600
823.753 2.680 2.680 3.560
824.030 2.440 1.880 3.640
824.308 2.360 2.040 3.240
824.586 2.120 1.320 2.520
824.864 2.440 1.720 2.040
825.141 2.280 1.720 2.200
825.419 2.280 1.640 2.360
825.704 2.200 1.320 2.360
825.981 2.360 1.640 3.080
826.259 2.280 1.880 3.240
826.537 2.200 1.800 2.360
826.815 2.040 1.720 2.280
827.092 2.040 1.720 2.520
827.370 1.960 1.800 2.520
827.647 2.040 1.720 2.600
827.926 2.120 1.720 2.840
828.213 2.440 2.600 2.920
828.491 2.600 3.560 3.160
828.768 2.440 3.640 2.840
829.046 2.440 3.560 3.080
829.324 2.360 3.640 3.080
829.609 2.200 3.560 3.160
829.887 2.360 2.120 3.560
830.164 2.280 1.800 3.080
830.442 2.280 1.640 1.720
830.719 2.040 1.800 2.120
830.997 1.800 1.560 2.520
831.275 2.920 2.280 4.360
831.553 3.400 2.040 3.320
831.830 4.600 6.920 3.560
832.108 4.120 4.040 3.000
832.385 2.920 3.320 3.400
832.663 3.000 3.320 3.400
832.941 3.000 3.400 3.400
833.226 3.000 3.320 3.480
833.503 3.000 3.320 3.400
833.781 3.000 3.160 3.720
834.058 3.080 3.320 3.320
834.336 3.000 3.400 3.400
834.613 2.920 3.400 3.320
834.892 3.000 3.320 3.400
835.169 3.000 3.400 3.400
835.447 3.000 3.400 3.400
835.724 3.000 3.320 3.400
836.002 3.000 3.320 3.400
836.280 2.920 3.400 3.400
836.567 2.920 3.400 3.400
836.845 2.920 3.400 3.480
837.128 2.920 3.320 3.480
837.406 3.000 3.400 3.400
837.684 3.000 3.400 3.400
837.962 3.000 3.320 3.400
838.239 2.920 3.400 3.400
838.517 3.000 3.320 3.400
838.794 3.080 3.320 3.400
839.073 2.760 3.400 3.480
839.350 2.440 3.320 3.320
839.628 3.400 3.080 3.400
839.905 3.160 3.720 3.320
840.183 2.440 3.240 3.640
840.462 3.320 3.400 3.480
840.743 3.000 3.480 3.320
841.021 2.200 3.240 3.480
841.298 3.400 3.160 3.400
841.576 2.040 3.320 3.320
841.853 3.160 3.480 3.320
842.131 2.840 3.480 3.400
842.409 3.320 3.320 3.240
842.687 2.360 3.320 3.480
842.964 2.680 3.480 3.400
843.242 2.760 3.320 3.480
843.519 2.760 3.400 3.480
843.798 3.080 3.320 3.480
844.075 2.920 3.240 3.480
844.353 2.920 3.400 3.320
844.648 3.080 3.400 3.320
844.925 2.840 3.480 3.320
845.203 2.920 3.320 3.400
845.481 3.000 3.400 3.400
845.759 3.000 3.320 3.320
846.036 3.080 3.240 3.400
846.315 3.000 3.320 3.320
846.592 2.920 3.320 3.400
846.870 2.920 3.320 3.320
847.148 3.160 3.000 3.640
847.426 3.160 3.400 3.400
847.703 3.080 3.480 3.400
847.982 3.080 3.560 3.240
848.266 3.160 3.320 3.320
848.544 3.160 3.320 3.240
848.821 3.160 3.160 3.320
849.100 3.160 3.160 3.320
849.377 3.240 3.240 3.320
849.655 3.240 3.240 3.320
849.934 3.160 3.240 3.400
850.220 3.160 3.240 3.400
850.498 3.240 3.160 3.320
850.776 3.080 2.920 3.480
851.054 3.160 3.240 3.320
851.331 3.080 3.160 3.400
851.610 3.160 3.160 3.320
851.887 3.240 3.240 3.320
852.172 3.240 3.240 3.320
852.449 3.160 3.160 3.320
852.728 3.160 3.240 3.320
853.006 3.160 3.240 3.320
853.283 3.160 3.240 3.320
853.562 3.160 3.240 3.400
853.839 3.080 3.240 3.400
854.117 3.160 3.240 3.400
854.395 3.160 3.240 3.320
854.673 3.160 3.240 3.320
854.951 3.160 3.240 3.400
855.229 3.160 3.240 3.320
855.506 3.240 3.240 3.320
855.791 3.160 3.240 3.400
856.068 3.160 3.320 3.320
856.347 3.080 3.320 3.320
856.624 3.160 3.240 3.400
856.903 3.160 3.240 3.400
857.180 3.160 3.240 3.400
857.458 3.240 3.240 3.320
857.736 3.160 3.320 3.320
858.014 3.160 3.240 3.400
858.291 3.160 3.240 3.400
858.570 3.160 3.240 3.320
858.847 3.240 3.240 3.320
859.125 3.160 3.240 3.400
859.410 3.160 3.240 3.320
859.688 3.160 3.320 3.320
859.966 3.160 3.240 3.320
860.243 3.160 3.240 3.320
860.522 3.160 3.400 3.160
860.809 3.080 3.320 3.400
861.088 3.240 3.320 3.320
861.365 3.240 3.240 3.400
861.643 3.480 3.000 3.640
861.920 3.400 3.160 3.160
862.199 3.160 3.160 3.320
862.476 3.240 3.240 3.320
862.755 3.080 3.320 3.480
863.033 3.000 3.320 3.480
863.317 3.000 3.320 3.480
863.595 3.000 3.320 3.480
863.872 2.920 3.320 3.480
864.151 2.360 4.760 7.800
864.428 4.280 6.760 6.360
864.706 1.720 3.960 4.120
864.984 2.680 4.280 4.520
865.262 1.880 2.600 4.440
865.539 4.520 1.240 -0.440
865.818 3.160 1.880 3.000
866.095 2.680 1.720 3.480
866.373 3.000 1.640 3.240
866.651 2.760 1.880 3.240
866.936 2.200 1.640 3.320
867.214 2.760 1.800 3.560
867.491 2.440 1.880 3.560
867.770 2.760 1.960 3.480
868.047 -0.360 1.640 2.840
868.325 2.280 2.920 3.160
868.603 2.840 3.400 3.320
868.881 2.760 3.880 2.920
869.159 3.560 4.040 2.840
869.437 7.240 3.720 3.480
869.714 2.680 3.000 2.360
869.993 3.720 3.640 1.400
870.270 3.160 4.200 3.080
870.548 4.360 3.720 2.360
870.832 2.440 3.640 1.960
871.110 2.440 3.400 2.440
871.388 2.360 3.800 2.040
871.675 3.000 3.240 2.200
871.953 2.440 3.640 2.280
872.231 2.680 3.880 2.120
872.509 2.520 3.720 2.360
872.786 2.520 3.720 2.200
873.064 2.520 3.640 2.280
873.342 2.520 3.640 2.200
873.620 2.520 3.640 2.200
873.897 2.520 3.560 2.280
874.176 2.520 3.560 2.200
874.459 2.520 3.640 2.200
874.738 2.520 3.640 2.200
875.015 2.520 3.640 2.200
875.293 2.520 3.640 2.200
875.571 2.520 3.640 2.200
875.849 2.520 3.640 2.280
876.126 2.600 3.640 2.280
876.405 2.520 3.640 2.200
876.682 2.520 3.640 2.200
876.970 2.520 3.640 2.200
877.249 2.520 3.640 2.280
877.526 2.520 3.640 2.200
877.804 2.520 3.640 2.280
878.082 2.520 3.640 2.200
878.367 2.520 3.640 2.200
878.644 2.520 3.560 2.200
878.922 -5.880 8.280 0.600
879.200 9.080 0.760 7.080
879.478 4.200 3.240 1.720
879.755 1.960 3.640 1.640
880.034 2.760 3.880 2.360
880.312 2.760 3.880 1.640
880.589 1.960 3.960 2.360
880.868 2.280 2.760 2.280
881.145 2.680 3.240 2.200
881.423 2.840 3.640 2.200
881.701 2.760 3.720 2.120
881.985 2.360 3.800 2.520
882.263 2.120 3.800 2.200
882.541 2.520 3.800 2.120
882.818 4.120 4.200 1.800
883.097 2.280 3.160 2.280
883.374 3.160 3.800 2.520
883.652 2.440 3.880 2.040
883.930 2.440 3.560 2.520
884.208 2.520 3.720 2.520
884.485 2.440 3.640 2.200
884.764 2.600 3.640 2.360
885.041 2.440 3.800 2.360
885.328 2.520 3.560 2.280
885.606 2.440 3.640 2.280
885.890 2.440 3.640 2.360
886.169 2.440 3.560 2.360
886.446 2.440 3.640 2.280
886.724 2.440 3.720 2.280
887.002 2.520 3.640 2.440
887.280 2.440 3.640 2.200
887.557 2.440 3.640 2.360
887.835 2.440 3.640 2.360
888.113 2.360 3.720 2.280
888.391 3.880 4.200 2.120
888.668 2.920 3.960 2.680
888.947 1.880 4.440 2.120
889.224 1.880 3.240 2.040
889.509 2.840 2.760 3.720
889.787 2.680 3.000 1.960
890.064 2.440 3.800 2.280
890.343 2.760 3.640 1.560
890.620 2.280 3.640 2.200
890.898 2.120 3.560 1.960
891.176 3.720 0.680 3.240
891.454 2.680 2.600 2.680
891.731 3.480 3.800 3.000
892.010 3.640 3.560 3.400
892.287 3.480 3.000 2.440
892.565 3.560 3.000 2.440
892.843 3.560 3.000 2.440
893.121 3.560 3.000 2.440
893.416 3.560 3.080 2.440
893.693 3.560 3.000 2.440
893.972 3.640 3.000 2.520
894.249 3.560 3.000 2.520
894.527 3.560 3.080 2.440
894.805 3.560 3.080 2.520
895.083 3.560 3.080 2.440
895.360 3.560 3.080 2.520
895.639 3.560 3.080 2.520
895.916 3.560 3.080 2.520
896.194 3.640 3.080 2.520
896.472 3.640 3.080 2.520
896.750 3.640 3.080 2.520
897.034 3.560 3.000 2.520
897.312 3.640 3.080 2.440
897.590 3.560 3.080 2.440
897.868 3.560 3.080 2.440
898.145 3.640 3.080 2.520
898.423 3.240 2.280 2.440
898.702 3.720 2.680 2.520
898.979 3.640 3.000 2.440
899.257 3.560 3.000 2.360
899.535 3.480 3.160 2.280
899.813 3.320 3.320 2.680
900.090 3.160 4.040 1.800
900.369 3.240 3.640 2.680
900.646 3.160 3.640 2.760
900.941 3.320 3.480 2.600
901.219 3.240 3.400 2.600
901.497 3.320 3.720 2.600
901.775 3.160 3.560 2.760
902.052 3.240 3.400 2.600
902.331 3.400 3.560 2.680
902.608 3.240 3.320 2.680
902.886 3.560 3.160 3.000
903.164 3.560 2.840 3.000
903.442 3.640 2.760 3.000
903.719 3.640 2.840 2.840
903.998 3.400 2.600 2.920
904.275 3.640 3.480 3.480
904.560 3.400 2.600 3.480
904.837 3.400 2.760 3.400
905.115 3.320 2.600 3.480
905.393 3.320 2.600 3.480
905.671 3.320 2.680 3.480
905.948 3.320 2.840 3.880
906.227 3.160 2.680 3.480
906.504 2.840 2.920 3.800
906.791 2.360 2.760 3.720
907.069 2.280 3.080 3.640
907.347 2.040 2.840 3.400
907.625 1.720 3.080 3.240
907.902 1.480 3.080 3.000
908.181 1.560 2.840 3.080
908.465 1.560 2.760 3.160
908.743 1.880 2.360 3.080
909.020 1.800 2.360 3.160
909.298 1.800 2.280 3.160
909.587 1.880 2.600 3.400
909.864 1.640 2.680 3.320
910.142 1.720 2.680 3.400
910.420 1.800 2.680 3.240
910.698 1.880 2.520 3.320
910.975 1.880 2.520 3.320
911.253 1.640 2.680 3.240
911.531 1.720 2.600 3.160
911.809 1.560 2.680 3.240
912.093 1.720 2.920 3.320
912.371 1.720 2.920 3.240
912.648 1.800 3.080 2.840
912.927 1.720 3.000 2.920
913.204 1.720 3.160 3.000
913.482 1.720 3.080 3.000
913.759 1.720 3.000 2.920
914.038 1.640 3.080 3.000
914.315 1.800 3.000 2.920
914.593 1.640 3.080 3.000
914.870 1.480 3.000 2.920
915.149 1.800 2.440 2.920
915.427 1.640 2.520 3.000
915.704 1.640 2.680 2.760
915.983 1.560 2.840 2.600
916.260 1.640 2.760 2.440
916.538 1.640 2.840 2.440
916.816 2.040 2.840 2.680
917.094 1.400 3.000 2.680
917.371 1.800 3.000 2.840
917.649 1.720 3.080 3.080
917.927 1.720 3.080 3.000
918.205 1.800 3.000 3.000
918.482 1.720 3.000 3.080
918.760 1.720 3.080 3.000
919.038 1.720 3.080 3.080
919.316 1.720 3.080 2.920
919.600 1.720 3.080 2.920
919.878 1.720 3.080 3.080
920.155 1.800 3.000 3.160
920.442 1.720 3.080 3.160
920.720 1.480 3.160 2.760
920.998 1.720 3.160 2.600
921.276 1.640 3.320 2.680
921.553 1.800 3.320 2.680
921.831 1.320 3.400 3.240
922.109 2.680 2.440 3.240
922.387 1.640 2.600 3.000
922.664 1.720 2.360 3.080
922.942 1.720 2.040 3.000
923.226 1.880 2.360 2.440
923.504 1.640 2.520 2.520
923.782 1.880 2.440 2.360
924.060 1.640 2.040 2.440
924.337 1.560 2.520 2.600
924.615 1.560 2.600 2.520
924.893 1.560 2.680 2.280
925.171 1.560 2.760 2.520
925.448 1.640 3.000 2.440
925.726 1.880 3.240 2.440
926.015 1.880 3.320 2.360
926.292 1.960 3.400 2.280
926.570 2.120 3.160 2.440
926.847 2.360 3.320 2.200
927.132 1.960 3.160 1.880
927.409 2.280 3.240 2.120
927.688 1.800 2.840 1.720
927.965 2.040 3.000 1.800
928.243 1.800 2.840 2.120
928.520 1.800 3.240 2.200
928.799 1.800 3.160 2.040
929.076 1.880 3.160 2.280
929.354 1.640 3.000 1.960
929.631 1.560 3.240 1.800
929.909 1.800 2.840 1.880
930.187 1.480 2.680 2.040
930.465 1.640 2.520 2.200
930.750 1.080 2.920 1.800
931.027 1.640 2.200 2.680
931.305 1.800 2.360 3.320
931.582 2.280 2.520 3.240
931.860 1.560 1.880 3.640
932.138 1.560 2.200 2.680
932.416 1.800 2.520 3.480
932.693 1.800 2.280 3.160
932.971 1.640 2.040 3.000
933.249 1.720 1.960 3.240
933.527 1.480 2.040 3.400
933.804 1.880 2.120 3.560
934.082 1.960 2.520 3.240
934.359 1.720 2.520 2.680
934.644 1.880 2.440 2.840
934.921 1.640 1.800 2.280
935.200 1.720 1.960 2.280
935.477 1.000 1.080 1.560
935.755 1.720 2.120 2.360
936.032 1.640 2.200 2.600
936.311 1.640 2.120 2.520
936.588 1.560 2.680 2.840
936.866 1.400 2.680 3.000
937.144 1.960 2.360 2.120
937.421 1.800 2.360 2.280
937.700 1.560 2.600 2.520
937.977 1.560 2.760 2.520
938.262 1.400 2.520 2.120
938.539 2.120 2.920 3.000
938.817 1.720 3.320 2.680
939.094 1.240 2.600 2.280
939.373 1.880 2.760 2.440
939.650 1.400 2.680 2.040
939.928 1.640 2.680 2.360
940.205 1.480 2.760 2.200
940.484 1.560 2.680 2.440
940.761 1.320 3.400 2.440
941.039 1.640 3.160 2.280
941.316 1.720 3.160 2.600
941.595 2.680 2.360 2.360
941.872 1.720 3.240 2.200
942.176 2.040 2.520 3.160
942.454 1.640 3.320 2.760
942.731 1.720 2.920 2.680
943.009 1.800 3.000 2.840
943.288 1.720 3.080 2.840
943.565 1.800 3.160 2.680
943.843 1.720 3.240 2.920
944.120 2.040 3.400 3.240
944.398 2.120 3.400 3.240
944.675 1.960 3.320 3.320
944.954 2.040 3.320 3.240
945.231 2.040 3.400 3.160
945.509 2.040 3.400 3.160
945.793 2.120 3.480 3.000
946.071 2.040 3.560 2.840
946.348 1.960 3.400 3.240
946.626 1.960 3.560 2.920
946.904 2.040 3.400 3.080
947.182 2.040 3.480 3.080
947.459 1.960 3.560 3.080
947.737 1.720 3.320 3.000
948.014 1.800 3.160 2.760
948.293 1.880 2.760 2.600
948.570 1.560 2.520 2.440
948.848 1.320 2.760 2.680
949.125 1.560 3.080 2.600
949.403 1.480 3.000 2.600
949.688 1.240 3.080 2.600
949.965 1.720 2.680 2.760
950.244 1.720 2.760 2.360
950.521 1.720 3.000 2.520
950.799 1.640 3.400 2.440
951.076 1.640 3.400 2.760
951.354 1.800 3.080 2.600
951.631 1.640 2.760 2.120
951.910 1.640 3.000 2.520
952.187 1.560 2.920 2.520
952.465 1.240 2.840 2.600
952.742 1.320 2.440 2.120
953.020 1.400 2.360 2.440
953.304 1.800 2.200 2.600
953.582 1.800 1.960 2.600
953.860 1.960 1.800 2.600
954.138 2.120 1.960 2.600
954.415 1.880 1.640 2.120
954.693 2.040 1.880 2.360
954.970 1.800 1.800 2.200
955.249 2.040 1.880 2.280
955.536 1.720 2.040 2.440
955.813 1.720 2.200 2.440
956.091 1.960 2.200 2.600
956.368 1.560 2.280 2.360
956.646 1.560 2.360 2.520
956.924 1.720 2.280 2.440
957.208 1.640 2.360 2.280
957.485 1.640 2.200 2.360
957.764 1.960 1.800 2.360
958.041 1.960 1.800 2.520
958.329 1.880 1.800 2.520
958.607 1.880 1.800 2.840
958.885 2.040 1.880 2.920
959.163 1.960 1.880 2.840
959.440 1.640 1.800 3.000
959.718 2.040 2.440 3.480
959.995 2.280 2.520 3.720
960.274 2.040 2.280 3.640
960.551 2.120 2.440 3.640
960.987 2.200 2.520 3.640
961.265 2.200 2.600 3.640
961.542 2.120 2.760 3.640
961.820 2.120 2.680 3.640
962.097 2.040 2.600 3.640
962.375 2.280 2.360 3.800
962.653 2.680 2.600 3.720
962.931 2.600 2.200 3.800
963.208 2.760 2.680 3.560
963.486 2.760 2.680 3.800
963.763 2.280 2.760 3.400
964.042 2.040 2.520 3.320
964.319 2.040 2.840 3.960
964.597 2.440 2.760 3.880
964.882 2.680 2.600 3.960
965.159 2.760 2.840 3.480
965.437 2.840 2.920 3.800
965.715 2.920 3.000 3.560
965.993 2.920 2.680 3.720
966.271 2.920 2.920 3.720
966.549 3.720 1.960 3.000
966.827 3.640 2.200 2.600
967.105 3.640 2.280 2.600
967.382 3.560 2.360 3.000
967.661 3.640 1.960 3.160
967.938 3.400 2.920 3.400
968.216 3.160 3.160 3.640
968.500 3.160 3.080 3.560
968.779 3.160 3.080 3.560
969.056 3.160 3.000 3.560
